北京东北太师屯南加油站 [15000, 9000]
西北昌平土沟西加油站 [15000, 10000]
北京东北太师屯北加油站 [7000, 6000]
北京顺义北务北加油站 [8000, 5000]
清华开拓加油站 [24000, 22000]
航天加油站 [24000, 12000]
年福加油站 [12000, 12000]
世博加油站 [12000, 11000]
上庄加油站 [36000, 12000]
三元七里渠加油站 [12000, 0]
京林加油站 [22000, 30000]
三元回龙观加油站 [24000, 10000]
三元北清路加油站 [24000, 0]
三元西郊加油站 [12000, 0]
三元西山加油站 [12000, 0]
百善南站加油站 [12000, 0]
三元北沙滩加油站 [24000, 24000]
海淀京铁加油站 [14000, 17000]
实科华加油站 [48000, 0]
苗圃加油站 [7000, 8000]
永丰加油站 [36000, 10000]
真顺加油站 [12000, 0]
三阳加油站 [22000, 0]
太平湖加油站 [22000, 0]
华昌加油站 [12000, 10000]
百善加油站 [16000, 10000]
沙阳加油站 [24000, 0]
王府加油站 [32000, 0]
麦辛路加油站 [32000, 12000]
和裕丰加油站 [24000, 12000]
百盛加油站 [11000, 0]
昌保加油站 [22000, 8000]
京西中关村加油站 [30000, 21000]
燕龙加油站 [10000, 0]
周家巷南加油站 [0, 24000]
京航加油站 [10000, 12000]
南邵加油站 [22000, 12000]
周家巷北加油站 [0, 21000]
汤顺加油站 [12000, 0]
东关加油站 [12000, 12000]
朝阳惠中寺加油站 [0, 12000]
桃洼加油站 [31000, 7000]
朝阳祁家豁子加油站 [36000, 48000]
兴昌加油站 [23000, 0]
西大桥加油站 [12000, 10000]
德通加油站 [12000, 12000]
京汤加油站 [12000, 7000]
绿岛加油站 [36000, 12000]
京西北砖加油站 [12000, 0]
温百星加油站 [12000, 0]
昆明湖加油站 [12000, 12000]
朝阳东储加油站 [22000, 12000]
回龙观加油站 [19000, 12000]
三元东北旺加油站 [12000, 12000]
安宁庄加油站 [12000, 0]
京ACG215 1 8000 0
京AED225 1 10000 1
京ACU892 2 12000 2
京ACU930 2 12000 3
京ADU225 2 12000 4
京AW0318 2 12000 5
京AX1680 2 12000 6
京ADU228 2 12000 7
京ADU226 2 12000 8
京ADU227 2 12000 9
京AL9751 2 12000 10
京AX2272 4 8000 11
京ACV003 2 12000 12
京ACV008 2 12000 13
[0, 113, 25, 127, 72, 18, 9, 12, 4, 9, 5, 17, 9, 5, 6, 17, 8, 17, 18, 17, 16, 11, 17, 14, 24, 9, 11, 11, 16, 23, 8, 8, 14, 20, 14, 23, 17, 12, 17, 13, 14, 13, 21, 20, 11, 21, 4, 16, 13, 13, 13, 23, 23, 9, 13, 11]
[103, 0, 85, 24, 84, 110, 107, 96, 98, 110, 101, 107, 104, 104, 107, 118, 94, 106, 109, 107, 88, 110, 89, 111, 109, 100, 100, 111, 92, 79, 97, 96, 102, 111, 102, 125, 87, 95, 119, 89, 97, 89, 110, 107, 101, 110, 103, 95, 98, 101, 115, 114, 102, 104, 108, 105]
[21, 98, 0, 112, 53, 26, 23, 11, 21, 27, 17, 22, 19, 19, 25, 36, 20, 21, 24, 22, 12, 26, 22, 33, 27, 30, 26, 31, 9, 14, 24, 21, 34, 26, 34, 40, 13, 26, 34, 15, 30, 15, 42, 23, 31, 43, 18, 11, 31, 16, 32, 30, 18, 19, 23, 20]
[111, 41, 93, 0, 82, 118, 115, 104, 106, 118, 109, 115, 112, 111, 115, 126, 102, 113, 116, 115, 96, 118, 97, 119, 117, 108, 108, 119, 100, 87, 105, 104, 110, 119, 110, 133, 95, 103, 127, 97, 105, 97, 118, 115, 109, 118, 111, 103, 106, 109, 123, 122, 110, 112, 116, 112]
[57, 87, 41, 103, 0, 50, 55, 46, 56, 60, 52, 47, 50, 52, 60, 71, 53, 45, 48, 47, 46, 57, 55, 69, 46, 62, 58, 66, 44, 44, 57, 54, 67, 50, 67, 72, 46, 59, 68, 48, 62, 48, 74, 44, 64, 75, 54, 42, 63, 45, 68, 53, 40, 50, 52, 48]
[18, 120, 37, 133, 67, 0, 11, 18, 22, 17, 16, 6, 11, 13, 18, 26, 26, 8, 4, 6, 26, 12, 31, 27, 12, 26, 29, 24, 22, 35, 26, 25, 30, 3, 31, 26, 29, 29, 23, 26, 32, 26, 37, 9, 27, 36, 15, 17, 31, 11, 23, 6, 12, 11, 6, 7]
[9, 118, 31, 132, 71, 11, 0, 12, 13, 7, 8, 13, 8, 4, 8, 17, 17, 15, 13, 14, 20, 5, 24, 17, 21, 17, 20, 14, 17, 29, 17, 16, 20, 13, 21, 20, 23, 21, 14, 19, 23, 19, 26, 17, 17, 26, 7, 15, 22, 10, 14, 14, 20, 8, 5, 7]
[12, 107, 21, 121, 61, 17, 12, 0, 12, 16, 8, 15, 8, 8, 16, 27, 13, 16, 16, 15, 10, 15, 19, 24, 22, 21, 18, 22, 5, 18, 17, 13, 26, 19, 26, 29, 13, 19, 23, 13, 23, 13, 33, 18, 23, 34, 10, 4, 23, 9, 23, 22, 16, 8, 13, 10]
[6, 109, 21, 123, 70, 22, 13, 12, 0, 13, 10, 22, 13, 10, 10, 21, 4, 22, 23, 22, 12, 16, 13, 17, 29, 10, 8, 16, 14, 19, 5, 4, 15, 25, 15, 28, 13, 9, 22, 9, 11, 9, 22, 25, 12, 23, 9, 16, 12, 18, 18, 28, 27, 13, 18, 16]
[9, 122, 34, 136, 77, 17, 7, 16, 13, 0, 12, 19, 12, 8, 5, 12, 17, 21, 19, 20, 25, 6, 26, 12, 26, 16, 21, 9, 21, 32, 17, 17, 18, 18, 20, 16, 26, 21, 11, 22, 21, 22, 22, 23, 16, 21, 11, 20, 20, 16, 8, 18, 26, 12, 12, 14]
[4, 112, 25, 126, 67, 16, 8, 8, 9, 11, 0, 16, 5, 4, 8, 19, 12, 16, 17, 16, 14, 11, 18, 17, 23, 13, 16, 14, 11, 22, 13, 12, 18, 19, 18, 25, 17, 16, 20, 12, 19, 12, 25, 19, 15, 26, 2, 12, 18, 10, 16, 21, 21, 5, 12, 10]
[18, 117, 36, 131, 64, 4, 13, 18, 22, 19, 16, 0, 11, 13, 20, 28, 26, 4, 2, 2, 25, 14, 32, 28, 9, 27, 29, 26, 20, 32, 26, 25, 32, 5, 31, 28, 28, 29, 25, 26, 32, 26, 38, 6, 29, 38, 16, 16, 31, 10, 25, 8, 9, 11, 8, 8]
[7, 115, 28, 129, 66, 13, 7, 8, 11, 11, 5, 12, 0, 3, 11, 22, 15, 13, 14, 13, 17, 10, 21, 19, 19, 16, 18, 17, 13, 26, 15, 15, 21, 15, 21, 24, 20, 19, 18, 16, 21, 16, 28, 15, 18, 29, 5, 9, 20, 7, 18, 18, 18, 1, 8, 6]
[7, 116, 29, 130, 68, 13, 6, 9, 11, 10, 6, 12, 4, 0, 11, 21, 15, 12, 13, 12, 18, 9, 22, 19, 19, 16, 18, 16, 14, 27, 15, 14, 20, 15, 20, 23, 21, 18, 18, 17, 21, 17, 28, 15, 18, 28, 4, 12, 20, 8, 17, 18, 18, 4, 8, 6]
[8, 120, 32, 134, 77, 20, 10, 18, 11, 5, 11, 23, 14, 10, 0, 12, 15, 23, 23, 23, 23, 11, 24, 9, 29, 13, 17, 7, 21, 30, 15, 14, 15, 22, 17, 19, 24, 17, 13, 20, 17, 20, 19, 25, 13, 19, 9, 22, 16, 18, 9, 22, 28, 14, 15, 16]
[17, 128, 42, 142, 86, 25, 17, 27, 21, 11, 20, 28, 23, 19, 11, 0, 24, 29, 27, 29, 33, 16, 31, 8, 34, 20, 25, 7, 30, 39, 23, 23, 21, 26, 22, 11, 34, 25, 8, 29, 25, 29, 17, 32, 20, 17, 18, 30, 24, 26, 5, 26, 35, 23, 20, 23]
[9, 105, 17, 119, 67, 26, 17, 13, 5, 17, 12, 25, 15, 13, 14, 25, 0, 25, 26, 26, 8, 19, 9, 17, 32, 11, 7, 18, 13, 15, 6, 2, 15, 28, 15, 31, 9, 7, 25, 5, 11, 5, 23, 28, 13, 23, 12, 17, 12, 19, 21, 31, 28, 15, 21, 19]
[16, 114, 32, 128, 61, 8, 14, 16, 21, 20, 15, 4, 10, 12, 20, 29, 25, 0, 6, 4, 21, 15, 30, 29, 9, 25, 28, 26, 17, 29, 25, 24, 30, 9, 30, 30, 24, 28, 26, 25, 31, 25, 37, 5, 27, 38, 14, 13, 30, 8, 27, 12, 7, 10, 9, 7]
[20, 119, 38, 133, 64, 4, 15, 20, 24, 19, 18, 3, 13, 15, 22, 28, 28, 6, 0, 4, 27, 13, 33, 30, 8, 29, 31, 27, 22, 34, 28, 27, 33, 3, 33, 28, 30, 31, 25, 28, 34, 28, 40, 6, 30, 39, 17, 18, 33, 12, 25, 6, 9, 13, 10, 10]
[18, 116, 34, 129, 62, 6, 15, 18, 22, 20, 16, 2, 11, 13, 21, 29, 26, 2, 4, 0, 23, 15, 31, 29, 7, 27, 29, 27, 18, 30, 26, 25, 31, 6, 31, 30, 26, 29, 26, 26, 32, 26, 39, 4, 29, 39, 16, 14, 31, 9, 27, 9, 7, 11, 10, 9]
[17, 99, 12, 113, 61, 26, 20, 9, 13, 24, 13, 23, 17, 16, 21, 32, 9, 22, 25, 23, 0, 23, 11, 26, 27, 19, 15, 27, 4, 10, 14, 11, 23, 27, 23, 38, 4, 15, 32, 4, 19, 4, 31, 23, 21, 31, 15, 9, 20, 16, 29, 30, 20, 17, 22, 19]
[13, 122, 35, 136, 72, 11, 6, 15, 17, 7, 12, 13, 11, 8, 11, 17, 21, 15, 13, 14, 24, 0, 28, 18, 20, 21, 24, 15, 20, 33, 21, 20, 24, 12, 25, 18, 27, 24, 13, 23, 26, 23, 28, 18, 21, 27, 10, 18, 25, 11, 14, 12, 20, 11, 6, 8]
[17, 99, 21, 113, 68, 31, 24, 18, 13, 25, 17, 30, 20, 20, 22, 31, 8, 31, 32, 31, 10, 26, 0, 23, 38, 12, 13, 24, 15, 10, 10, 10, 14, 33, 14, 38, 10, 8, 32, 8, 9, 8, 22, 34, 13, 22, 19, 19, 10, 24, 28, 36, 30, 20, 27, 24]
[14, 121, 35, 135, 84, 27, 17, 24, 15, 12, 17, 29, 21, 17, 9, 8, 18, 30, 29, 30, 26, 17, 24, 0, 36, 13, 19, 3, 28, 32, 16, 16, 15, 29, 15, 17, 27, 18, 12, 22, 18, 22, 10, 32, 13, 10, 16, 28, 17, 25, 7, 29, 35, 21, 22, 23]
[24, 120, 40, 134, 63, 10, 20, 24, 28, 25, 22, 7, 17, 19, 27, 34, 32, 9, 8, 8, 29, 20, 37, 35, 0, 33, 35, 33, 24, 38, 32, 31, 38, 8, 37, 34, 32, 35, 31, 32, 38, 32, 45, 6, 35, 44, 22, 20, 37, 16, 31, 11, 11, 17, 16, 14]
[10, 110, 28, 124, 77, 27, 18, 21, 10, 15, 14, 26, 17, 14, 13, 20, 11, 26, 27, 26, 19, 20, 13, 13, 33, 0, 11, 13, 23, 21, 8, 10, 6, 29, 5, 27, 20, 6, 21, 16, 6, 16, 12, 29, 2, 13, 13, 25, 5, 22, 18, 32, 32, 17, 22, 20]
[11, 106, 17, 120, 66, 28, 19, 14, 6, 18, 13, 27, 16, 15, 15, 26, 2, 27, 28, 27, 8, 21, 10, 19, 34, 13, 0, 20, 12, 16, 7, 4, 17, 30, 17, 33, 10, 9, 27, 6, 13, 6, 25, 30, 14, 25, 14, 17, 14, 20, 23, 33, 28, 16, 23, 21]
[11, 122, 35, 136, 81, 24, 14, 22, 14, 9, 14, 26, 18, 14, 6, 8, 18, 27, 26, 27, 26, 14, 25, 4, 33, 14, 18, 0, 25, 33, 17, 17, 15, 26, 16, 15, 27, 19, 9, 23, 19, 23, 13, 29, 14, 13, 13, 25, 17, 22, 5, 26, 32, 18, 19, 20]
[15, 103, 16, 117, 59, 22, 16, 5, 14, 20, 10, 19, 13, 13, 18, 29, 13, 17, 20, 19, 5, 19, 15, 27, 23, 23, 19, 24, 0, 14, 18, 15, 27, 23, 27, 34, 8, 19, 28, 8, 23, 8, 35, 19, 25, 35, 12, 4, 24, 12, 26, 26, 16, 13, 18, 15]
[24, 90, 11, 104, 58, 35, 29, 19, 20, 32, 23, 31, 26, 26, 29, 39, 16, 30, 33, 32, 10, 32, 11, 32, 36, 21, 22, 33, 14, 0, 18, 17, 24, 36, 24, 46, 8, 17, 41, 11, 19, 11, 32, 32, 23, 32, 24, 18, 20, 25, 36, 39, 28, 26, 32, 28]
[10, 107, 23, 121, 73, 27, 18, 17, 5, 17, 14, 26, 17, 14, 14, 23, 6, 26, 27, 26, 15, 20, 10, 15, 33, 5, 7, 16, 19, 18, 0, 5, 10, 29, 10, 30, 15, 4, 24, 11, 6, 11, 18, 29, 7, 18, 13, 21, 7, 22, 20, 32, 32, 17, 22, 20]
[8, 107, 19, 121, 68, 25, 16, 13, 4, 16, 12, 24, 15, 12, 13, 23, 2, 25, 26, 25, 10, 18, 11, 16, 31, 9, 5, 16, 14, 17, 4, 0, 14, 27, 14, 30, 11, 6, 24, 7, 10, 7, 21, 27, 11, 22, 11, 18, 10, 19, 20, 30, 29, 15, 20, 18]
[13, 111, 31, 125, 80, 30, 20, 24, 13, 18, 17, 29, 21, 17, 15, 22, 14, 29, 30, 29, 22, 23, 12, 15, 36, 4, 14, 15, 26, 23, 11, 13, 0, 32, 3, 29, 23, 8, 23, 19, 6, 19, 11, 32, 3, 11, 16, 28, 4, 25, 20, 34, 35, 21, 25, 23]
[20, 121, 39, 134, 66, 2, 13, 20, 24, 17, 18, 5, 13, 15, 21, 26, 28, 7, 3, 6, 28, 12, 33, 28, 9, 29, 31, 26, 24, 36, 28, 27, 32, 0, 33, 27, 31, 31, 23, 28, 34, 28, 38, 7, 29, 38, 17, 19, 33, 13, 24, 4, 11, 13, 8, 9]
[16, 114, 34, 128, 83, 32, 22, 27, 16, 19, 20, 32, 23, 20, 16, 21, 17, 32, 33, 32, 25, 25, 15, 14, 39, 6, 17, 15, 29, 25, 14, 15, 3, 34, 0, 29, 25, 11, 23, 22, 8, 22, 8, 35, 6, 8, 19, 31, 7, 28, 19, 36, 37, 23, 27, 26]
[17, 129, 42, 143, 84, 22, 13, 23, 21, 10, 19, 25, 19, 16, 12, 7, 25, 26, 24, 26, 32, 12, 32, 11, 31, 21, 25, 9, 28, 40, 24, 23, 23, 23, 24, 0, 34, 26, 5, 30, 26, 30, 21, 29, 21, 21, 18, 27, 25, 23, 5, 23, 32, 19, 17, 20]
[17, 97, 13, 111, 60, 27, 22, 11, 12, 24, 15, 25, 19, 18, 21, 32, 8, 23, 26, 25, 2, 25, 10, 25, 29, 18, 14, 26, 6, 8, 13, 10, 23, 29, 22, 39, 0, 14, 33, 3, 17, 3, 30, 25, 20, 30, 17, 10, 18, 18, 29, 32, 22, 19, 24, 21]
[12, 106, 25, 120, 74, 29, 20, 19, 8, 20, 17, 28, 20, 16, 17, 25, 8, 29, 30, 29, 15, 23, 8, 17, 35, 6, 8, 18, 20, 17, 5, 6, 9, 31, 9, 32, 16, 0, 26, 12, 5, 12, 17, 31, 7, 17, 15, 24, 5, 24, 22, 34, 34, 20, 24, 22]
[23, 135, 48, 149, 88, 26, 19, 29, 27, 16, 25, 29, 25, 22, 18, 10, 31, 30, 28, 30, 38, 18, 38, 16, 35, 27, 31, 15, 34, 46, 30, 29, 29, 27, 30, 6, 40, 32, 0, 36, 32, 36, 26, 33, 27, 26, 24, 33, 31, 27, 11, 27, 36, 25, 21, 24]
[14, 100, 14, 114, 62, 27, 19, 13, 9, 21, 12, 26, 16, 15, 18, 29, 5, 26, 27, 26, 4, 22, 9, 22, 31, 15, 12, 23, 8, 10, 10, 7, 20, 29, 20, 36, 5, 12, 30, 0, 16, 1, 28, 27, 17, 28, 14, 13, 16, 19, 26, 32, 24, 16, 22, 20]
[15, 107, 28, 121, 77, 32, 23, 23, 11, 21, 20, 31, 23, 19, 18, 25, 11, 32, 33, 32, 19, 25, 9, 18, 38, 6, 12, 19, 23, 19, 8, 10, 7, 34, 7, 32, 19, 5, 27, 16, 0, 16, 15, 34, 6, 15, 18, 27, 3, 27, 23, 37, 37, 23, 27, 25]
[14, 100, 14, 114, 62, 27, 19, 13, 9, 21, 12, 26, 16, 15, 18, 29, 5, 26, 27, 26, 4, 22, 9, 22, 31, 15, 12, 23, 8, 10, 10, 7, 20, 29, 20, 36, 5, 12, 30, 1, 16, 0, 28, 27, 17, 28, 14, 13, 16, 19, 26, 32, 24, 16, 22, 20]
[22, 120, 40, 134, 89, 37, 26, 33, 22, 21, 26, 38, 29, 26, 18, 17, 23, 38, 39, 38, 31, 27, 21, 10, 45, 12, 23, 13, 35, 31, 20, 21, 9, 39, 9, 26, 31, 17, 21, 28, 14, 28, 0, 41, 12, 1, 25, 37, 13, 34, 17, 39, 43, 29, 31, 32]
[20, 118, 35, 130, 61, 8, 17, 19, 24, 23, 18, 5, 13, 15, 23, 32, 28, 3, 6, 5, 23, 18, 34, 32, 7, 29, 31, 29, 19, 32, 28, 27, 33, 8, 33, 33, 26, 31, 29, 27, 34, 27, 41, 0, 30, 41, 17, 15, 33, 11, 30, 11, 6, 13, 13, 11]
[10, 111, 28, 125, 78, 27, 18, 22, 11, 16, 15, 27, 18, 14, 13, 20, 12, 27, 28, 27, 20, 21, 14, 13, 33, 1, 11, 14, 24, 22, 8, 10, 5, 29, 6, 27, 21, 7, 21, 17, 7, 17, 12, 29, 0, 12, 13, 26, 6, 22, 18, 32, 32, 18, 22, 21]
[22, 120, 40, 134, 89, 36, 26, 34, 22, 21, 26, 38, 30, 26, 18, 17, 23, 38, 38, 39, 31, 26, 22, 10, 45, 13, 23, 12, 35, 32, 20, 22, 9, 38, 9, 26, 32, 17, 21, 28, 15, 28, 1, 41, 12, 0, 25, 37, 13, 34, 17, 38, 44, 30, 31, 32]
[3, 114, 27, 128, 71, 18, 9, 13, 7, 10, 6, 18, 9, 6, 7, 17, 11, 18, 19, 18, 17, 12, 19, 15, 25, 12, 14, 12, 15, 25, 11, 10, 16, 21, 16, 24, 19, 14, 18, 15, 17, 15, 24, 21, 14, 24, 0, 17, 16, 14, 14, 24, 23, 9, 14, 12]
[16, 106, 20, 120, 58, 17, 15, 5, 17, 19, 12, 15, 9, 11, 19, 30, 17, 13, 16, 15, 9, 18, 20, 28, 19, 25, 23, 25, 5, 18, 21, 18, 29, 19, 29, 33, 12, 23, 27, 13, 27, 13, 37, 15, 26, 37, 13, 0, 28, 8, 26, 22, 12, 9, 14, 11]
[14, 108, 29, 122, 77, 31, 22, 23, 11, 19, 19, 30, 22, 18, 16, 24, 12, 31, 32, 31, 19, 24, 9, 17, 37, 5, 12, 17, 24, 19, 8, 10, 5, 33, 5, 31, 19, 5, 25, 16, 2, 16, 13, 33, 5, 13, 17, 27, 0, 26, 22, 36, 36, 22, 26, 24]
[13, 110, 27, 124, 61, 11, 11, 9, 17, 16, 10, 9, 6, 8, 17, 27, 19, 8, 11, 10, 16, 12, 25, 25, 15, 22, 24, 22, 12, 25, 21, 19, 27, 13, 26, 28, 19, 24, 24, 20, 27, 20, 34, 11, 24, 34, 11, 8, 26, 0, 24, 16, 12, 6, 7, 4]
[13, 126, 39, 140, 83, 21, 13, 22, 18, 7, 16, 24, 18, 14, 8, 5, 22, 26, 24, 25, 30, 11, 29, 8, 31, 18, 22, 5, 27, 37, 21, 21, 19, 23, 20, 11, 31, 23, 6, 26, 23, 26, 18, 28, 18, 17, 15, 26, 21, 22, 0, 22, 31, 18, 17, 19]
[24, 125, 44, 139, 70, 7, 16, 24, 28, 19, 22, 9, 17, 19, 23, 28, 32, 11, 7, 10, 33, 14, 38, 30, 13, 33, 35, 28, 28, 40, 32, 31, 35, 6, 37, 29, 35, 35, 25, 33, 38, 33, 40, 11, 33, 40, 22, 24, 37, 17, 26, 0, 15, 17, 12, 13]
[22, 113, 31, 127, 56, 11, 20, 15, 26, 25, 20, 7, 15, 17, 26, 34, 28, 6, 9, 7, 20, 20, 30, 34, 11, 31, 33, 32, 15, 28, 30, 28, 36, 11, 36, 35, 23, 34, 32, 23, 36, 23, 43, 7, 33, 43, 20, 11, 35, 12, 32, 14, 0, 15, 15, 13]
[7, 115, 28, 129, 66, 13, 7, 8, 11, 11, 5, 12, 1, 3, 11, 22, 15, 13, 14, 13, 17, 10, 21, 19, 19, 16, 18, 17, 13, 26, 15, 15, 21, 15, 21, 24, 20, 19, 18, 16, 21, 16, 28, 15, 18, 29, 5, 9, 20, 7, 18, 18, 18, 0, 8, 6]
[13, 117, 34, 131, 68, 6, 5, 14, 17, 11, 12, 9, 7, 9, 13, 20, 21, 10, 9, 10, 23, 6, 28, 21, 17, 22, 24, 19, 18, 31, 21, 21, 25, 9, 26, 21, 26, 25, 18, 23, 27, 23, 31, 13, 22, 31, 11, 14, 26, 7, 18, 11, 16, 7, 0, 4]
[11, 114, 31, 128, 64, 7, 7, 11, 15, 14, 9, 8, 4, 6, 15, 23, 19, 8, 9, 8, 20, 8, 25, 23, 15, 20, 22, 21, 15, 28, 19, 18, 25, 9, 24, 24, 22, 23, 20, 20, 25, 20, 32, 11, 22, 32, 9, 11, 24, 4, 20, 12, 13, 4, 3, 0]
