北京黄村油库
福利加油站 [12000, 0]
采育加油站 [12000, 0]
黄村加油站 [24000, 0]
鑫马加油站 [12000, 12000]
宣武门加油站 [24000, 0]
新立南站 [0, 9000]
朝阳十里河加油站 [30000, 23000]
朝阳西直河加油站 [22000, 0]
渠头加油站 [12000, 0]
朝阳东大桥加油站 [0, 12000]
朝阳观音堂东站 [12000, 11000]
秋瑞加油站 [11000, 10000]
国凯加油站 [12000, 12000]
东段加油站 [11000, 11000]
分钟寺加油站 [10000, 0]
燕海加油站 [12000, 24000]
于家坟加油站 [10000, 0]
金燕农良加油站 [12000, 0]
龙达加油站 [12000, 0]
朝阳十八里店加油站 [12000, 9000]
朝阳南辛庄加油站 [12000, 0]
丰台天利加油站 [18000, 24000]
长子营加油站 [0, 10000]
齐万方加油站 [12000, 0]
朝阳博大路加油站 [12000, 0]
凯利加油站 [12000, 0]
三元德茂加油站 [12000, 10000]
三元朝阳加油站 [24000, 0]
朝阳劲松加油站 [12000, 12000]
朝阳兴达加油站 [12000, 10000]
廊桥加油站 [0, 12000]
丰华加油站 [22000, 12000]
三元和义加油站 [12000, 12000]
宛平加油站 [10000, 12000]
丰玉泉加油站 [24000, 12000]
双益加油站 [12000, 0]
朝阳观音堂西站 [12000, 0]
聚福锦余加油站 [0, 10000]
华电加油站 [12000, 0]
永定加油站 [12000, 12000]
成寿寺加油站 [0, 22000]
鑫兴加油站 [12000, 11000]
赤达加油站 [12000, 9000]
旧宫东大桥加油站 [12000, 0]
朝阳左安东路加油站 [10000, 10000]
三元旧宫加油站 [12000, 10000]
陶然桥加油站 [12000, 10000]
京AM5989 2 12000 0
京ACA626 2 12000 1
京ACA623 2 12000 2
京AP3103 2 12000 3
京AC9945 2 12000 4
京AC9943 2 12000 5
京AP3131 2 12000 6
京AX1679 2 12000 7
京AP3127 2 12000 8
京ADJ670 2 12000 9
京AP3121 2 12000 10
京AL9755 2 12000 11
京AC9952 2 12000 12
[0, 19, 28, 7, 26, 24, 19, 27, 28, 39, 33, 35, 47, 21, 18, 26, 6, 23, 22, 18, 25, 23, 24, 25, 5, 24, 14, 15, 41, 27, 33, 45, 19, 17, 24, 16, 13, 35, 37, 22, 29, 25, 20, 7, 19, 27, 19, 23]
[17, 0, 33, 11, 41, 39, 30, 42, 43, 43, 48, 50, 52, 36, 12, 41, 20, 39, 30, 31, 40, 38, 39, 33, 16, 39, 29, 30, 56, 42, 48, 46, 34, 32, 37, 31, 26, 50, 45, 36, 43, 40, 3, 21, 34, 42, 34, 38]
[29, 33, 0, 28, 31, 43, 47, 32, 29, 11, 39, 36, 19, 27, 23, 33, 32, 33, 6, 22, 32, 30, 38, 7, 31, 29, 21, 25, 36, 34, 34, 18, 35, 32, 50, 39, 39, 36, 13, 18, 53, 34, 33, 32, 27, 32, 28, 39]
[7, 13, 29, 0, 30, 29, 19, 31, 32, 40, 38, 40, 48, 26, 18, 31, 9, 28, 23, 21, 30, 27, 28, 25, 5, 28, 19, 20, 45, 31, 38, 45, 23, 21, 27, 21, 15, 40, 38, 25, 32, 29, 14, 10, 24, 31, 23, 27]
[26, 42, 32, 29, 0, 12, 41, 3, 9, 37, 9, 13, 44, 6, 35, 2, 24, 2, 28, 17, 4, 4, 7, 25, 28, 3, 14, 12, 21, 4, 11, 44, 8, 9, 23, 12, 23, 13, 31, 16, 23, 3, 43, 23, 7, 3, 7, 8]
[25, 42, 42, 29, 11, 0, 39, 10, 17, 45, 9, 16, 52, 15, 39, 11, 23, 10, 36, 27, 15, 13, 6, 36, 28, 14, 21, 17, 22, 9, 13, 54, 7, 11, 16, 9, 21, 16, 38, 27, 12, 10, 43, 22, 16, 10, 16, 4]
[8, 19, 34, 7, 31, 30, 0, 32, 33, 45, 39, 40, 53, 26, 24, 32, 10, 29, 28, 22, 30, 28, 29, 31, 7, 29, 19, 21, 46, 32, 38, 51, 24, 22, 23, 22, 11, 40, 42, 26, 31, 30, 20, 11, 25, 32, 24, 28]
[28, 44, 33, 31, 4, 11, 42, 0, 8, 36, 7, 11, 43, 9, 37, 2, 26, 4, 29, 18, 8, 7, 8, 27, 30, 5, 17, 14, 18, 3, 8, 45, 9, 11, 23, 13, 24, 11, 30, 18, 22, 3, 45, 25, 9, 1, 10, 9]
[28, 44, 29, 32, 10, 17, 44, 7, 0, 29, 12, 8, 36, 9, 37, 10, 26, 12, 26, 17, 10, 10, 15, 23, 30, 7, 16, 14, 15, 10, 6, 39, 15, 15, 30, 19, 28, 8, 23, 16, 28, 11, 45, 25, 9, 9, 10, 16]
[39, 43, 11, 39, 38, 45, 57, 35, 29, 0, 40, 35, 9, 33, 34, 38, 42, 39, 17, 27, 38, 36, 43, 16, 42, 35, 32, 32, 32, 38, 34, 14, 42, 39, 57, 45, 47, 35, 6, 24, 56, 39, 44, 43, 33, 36, 34, 44]
[33, 50, 39, 37, 10, 10, 47, 8, 13, 41, 0, 12, 48, 15, 43, 9, 31, 10, 36, 25, 14, 13, 12, 33, 36, 11, 23, 20, 16, 8, 9, 51, 15, 17, 24, 17, 29, 12, 35, 24, 20, 9, 51, 30, 16, 8, 16, 11]
[32, 49, 34, 36, 13, 19, 49, 10, 6, 32, 13, 0, 39, 14, 42, 12, 30, 13, 31, 22, 15, 14, 17, 27, 34, 12, 20, 19, 10, 12, 4, 41, 18, 20, 32, 22, 33, 1, 25, 21, 30, 12, 50, 30, 14, 10, 15, 18]
[47, 51, 19, 47, 44, 52, 66, 42, 36, 9, 47, 42, 0, 41, 42, 45, 51, 47, 25, 36, 45, 44, 50, 24, 50, 42, 40, 41, 39, 45, 41, 11, 50, 48, 65, 54, 56, 42, 14, 32, 63, 46, 52, 51, 41, 43, 42, 51]
[21, 37, 27, 25, 7, 17, 37, 9, 9, 33, 15, 17, 41, 0, 30, 8, 19, 7, 23, 12, 7, 4, 12, 21, 23, 5, 9, 7, 23, 10, 14, 41, 10, 8, 26, 14, 21, 17, 28, 11, 28, 8, 38, 18, 2, 9, 2, 13]
[18, 10, 23, 18, 35, 39, 36, 37, 38, 34, 43, 45, 42, 31, 0, 36, 22, 33, 21, 25, 35, 32, 36, 24, 21, 34, 23, 25, 50, 37, 43, 36, 32, 30, 41, 33, 30, 45, 36, 29, 45, 35, 12, 23, 29, 37, 29, 36]
[25, 42, 33, 29, 2, 11, 40, 3, 10, 38, 9, 13, 45, 7, 35, 0, 24, 2, 29, 19, 7, 5, 6, 27, 28, 6, 15, 12, 21, 3, 11, 45, 7, 9, 21, 11, 22, 13, 32, 18, 22, 1, 43, 23, 8, 3, 8, 7]
[6, 22, 32, 9, 23, 22, 20, 24, 26, 42, 30, 33, 51, 19, 22, 23, 0, 21, 26, 18, 22, 20, 21, 28, 8, 22, 12, 13, 39, 24, 31, 49, 16, 14, 19, 14, 8, 33, 38, 21, 23, 22, 23, 1, 17, 24, 17, 20]
[24, 40, 33, 28, 3, 10, 39, 4, 10, 38, 10, 14, 46, 6, 33, 3, 21, 0, 29, 18, 6, 4, 5, 27, 26, 5, 14, 10, 22, 4, 12, 46, 6, 7, 21, 10, 21, 14, 32, 18, 21, 2, 41, 20, 7, 4, 7, 7]
[22, 30, 6, 22, 28, 37, 41, 29, 26, 17, 35, 33, 25, 24, 21, 29, 26, 29, 0, 17, 28, 26, 32, 5, 25, 25, 15, 19, 36, 31, 31, 24, 29, 25, 44, 33, 33, 33, 18, 14, 47, 29, 30, 26, 22, 29, 22, 33]
[20, 35, 19, 23, 17, 27, 36, 18, 17, 25, 24, 24, 33, 12, 27, 18, 20, 18, 15, 0, 17, 15, 22, 13, 22, 14, 8, 11, 27, 20, 22, 33, 21, 18, 36, 24, 26, 24, 20, 4, 39, 18, 35, 20, 12, 18, 13, 23]
[29, 45, 32, 33, 8, 17, 45, 6, 7, 35, 12, 12, 42, 9, 38, 8, 27, 10, 28, 19, 0, 8, 14, 26, 31, 5, 17, 15, 20, 8, 9, 45, 13, 13, 29, 17, 27, 12, 29, 18, 28, 9, 46, 26, 10, 7, 11, 14]
[24, 40, 31, 28, 3, 15, 39, 6, 9, 36, 12, 14, 44, 5, 33, 5, 22, 5, 27, 16, 3, 0, 10, 24, 26, 2, 12, 10, 22, 7, 11, 43, 8, 8, 23, 12, 21, 14, 31, 15, 26, 5, 41, 21, 5, 5, 5, 11]
[25, 41, 36, 29, 6, 7, 39, 5, 12, 40, 10, 15, 47, 10, 35, 5, 23, 4, 31, 22, 10, 8, 0, 30, 27, 8, 16, 12, 23, 4, 12, 48, 6, 8, 18, 9, 21, 15, 34, 21, 18, 4, 42, 21, 11, 4, 11, 3]
[25, 33, 7, 25, 25, 36, 43, 26, 23, 14, 33, 30, 22, 21, 24, 27, 28, 27, 5, 15, 26, 24, 31, 0, 27, 23, 17, 21, 32, 28, 28, 24, 30, 27, 45, 34, 35, 30, 13, 12, 48, 27, 34, 28, 21, 26, 22, 33]
[2, 19, 30, 7, 25, 24, 19, 27, 28, 41, 33, 35, 49, 21, 20, 26, 6, 23, 24, 17, 25, 22, 23, 27, 0, 23, 14, 15, 40, 27, 33, 47, 18, 17, 24, 16, 13, 35, 38, 22, 28, 25, 20, 7, 19, 26, 19, 22]
[24, 40, 29, 28, 3, 15, 40, 4, 7, 35, 11, 12, 43, 5, 34, 5, 22, 5, 25, 14, 3, 3, 10, 23, 26, 0, 12, 11, 20, 6, 10, 42, 9, 9, 24, 13, 22, 12, 29, 14, 26, 5, 42, 22, 5, 4, 6, 11]
[15, 31, 21, 18, 14, 22, 31, 15, 16, 32, 22, 24, 40, 9, 23, 15, 13, 14, 15, 7, 13, 11, 17, 17, 17, 12, 0, 4, 29, 16, 22, 39, 14, 11, 29, 18, 19, 24, 27, 10, 32, 14, 31, 12, 8, 15, 7, 18]
[15, 31, 25, 19, 12, 18, 31, 13, 14, 33, 20, 22, 41, 8, 25, 13, 13, 10, 19, 10, 11, 9, 13, 21, 17, 10, 4, 0, 27, 14, 20, 41, 11, 7, 26, 15, 17, 22, 28, 11, 29, 12, 33, 13, 6, 13, 5, 14]
[39, 56, 37, 43, 20, 21, 56, 17, 13, 33, 14, 8, 40, 21, 49, 18, 37, 20, 36, 27, 22, 21, 23, 32, 41, 19, 27, 26, 0, 17, 9, 44, 25, 27, 35, 29, 40, 8, 28, 26, 31, 19, 57, 37, 21, 17, 22, 23]
[29, 45, 35, 33, 6, 9, 43, 4, 10, 38, 7, 11, 45, 10, 38, 4, 27, 5, 31, 21, 10, 7, 8, 29, 31, 7, 17, 15, 19, 0, 8, 47, 10, 12, 22, 13, 25, 11, 32, 20, 20, 5, 46, 26, 10, 3, 10, 7]
[33, 50, 34, 37, 11, 14, 49, 8, 6, 34, 9, 3, 41, 14, 43, 9, 31, 11, 31, 22, 13, 12, 14, 28, 36, 10, 22, 20, 11, 9, 0, 44, 16, 18, 27, 20, 31, 3, 28, 21, 25, 10, 51, 31, 14, 8, 15, 14]
[45, 43, 18, 45, 44, 55, 63, 44, 39, 14, 50, 45, 12, 41, 35, 44, 49, 46, 24, 36, 45, 44, 50, 24, 47, 42, 39, 41, 43, 46, 43, 0, 50, 48, 66, 54, 56, 45, 20, 33, 66, 45, 46, 50, 41, 44, 42, 51]
[20, 36, 36, 24, 8, 8, 34, 9, 15, 42, 15, 19, 51, 10, 33, 8, 17, 6, 30, 21, 10, 7, 5, 30, 22, 9, 15, 11, 27, 9, 17, 50, 0, 5, 18, 5, 16, 19, 37, 21, 18, 7, 37, 16, 10, 8, 10, 4]
[17, 34, 32, 21, 9, 12, 33, 10, 15, 39, 17, 20, 48, 9, 30, 10, 15, 7, 26, 17, 9, 6, 7, 27, 20, 8, 11, 7, 28, 10, 17, 48, 4, 0, 20, 8, 15, 20, 35, 18, 22, 8, 35, 14, 7, 10, 6, 8]
[24, 38, 49, 26, 22, 16, 25, 22, 29, 56, 25, 30, 64, 24, 40, 22, 19, 21, 43, 34, 24, 21, 17, 44, 25, 23, 28, 24, 38, 21, 27, 64, 17, 19, 0, 14, 11, 30, 51, 35, 10, 21, 39, 18, 24, 21, 24, 16]
[18, 34, 39, 22, 11, 9, 31, 11, 18, 46, 18, 22, 53, 13, 34, 11, 15, 9, 33, 25, 13, 11, 8, 34, 20, 13, 18, 15, 30, 11, 19, 53, 5, 8, 14, 0, 13, 22, 40, 25, 15, 9, 35, 14, 14, 11, 13, 7]
[13, 27, 39, 15, 23, 21, 19, 23, 28, 47, 30, 33, 56, 21, 30, 23, 9, 20, 33, 25, 22, 20, 20, 35, 14, 21, 19, 17, 41, 23, 31, 56, 15, 15, 12, 12, 0, 33, 43, 26, 20, 21, 28, 7, 19, 23, 18, 19]
[32, 49, 34, 36, 13, 19, 49, 10, 6, 32, 13, 1, 39, 14, 42, 12, 30, 13, 31, 22, 15, 14, 17, 27, 34, 12, 20, 19, 10, 12, 4, 41, 18, 20, 32, 22, 33, 0, 25, 21, 30, 12, 50, 30, 14, 10, 15, 18]
[38, 45, 14, 38, 31, 39, 55, 29, 23, 7, 34, 29, 14, 28, 36, 32, 38, 34, 18, 23, 32, 31, 37, 13, 40, 29, 27, 28, 27, 32, 28, 21, 37, 35, 52, 41, 43, 29, 0, 19, 50, 33, 46, 38, 29, 31, 29, 38]
[19, 35, 21, 22, 16, 27, 35, 18, 17, 26, 24, 24, 35, 11, 27, 18, 19, 18, 17, 4, 17, 15, 22, 14, 21, 14, 7, 11, 27, 20, 22, 35, 20, 18, 36, 24, 26, 24, 22, 0, 38, 18, 35, 19, 12, 18, 12, 23]
[28, 43, 51, 31, 22, 11, 34, 21, 27, 55, 19, 26, 62, 26, 44, 21, 23, 20, 45, 36, 26, 23, 17, 46, 29, 24, 30, 26, 31, 20, 24, 65, 17, 21, 9, 13, 18, 26, 49, 37, 0, 21, 44, 21, 26, 20, 26, 15]
[25, 42, 32, 29, 2, 11, 40, 2, 9, 37, 8, 13, 44, 6, 35, 2, 23, 2, 28, 18, 6, 4, 6, 26, 28, 5, 14, 12, 20, 4, 10, 44, 7, 9, 22, 11, 22, 13, 31, 17, 22, 0, 43, 22, 7, 2, 7, 7]
[15, 5, 31, 9, 38, 37, 27, 39, 40, 41, 45, 47, 50, 33, 12, 38, 17, 36, 28, 29, 37, 35, 36, 31, 13, 36, 26, 27, 53, 39, 45, 45, 31, 29, 34, 29, 23, 47, 43, 33, 40, 37, 0, 18, 32, 39, 31, 35]
[8, 23, 33, 11, 23, 22, 21, 24, 26, 44, 30, 34, 52, 20, 24, 23, 3, 21, 27, 19, 22, 20, 21, 29, 9, 22, 13, 14, 39, 24, 31, 51, 16, 14, 18, 13, 7, 34, 39, 22, 22, 22, 24, 0, 18, 24, 17, 20]
[19, 36, 27, 23, 7, 16, 36, 8, 10, 33, 15, 17, 41, 2, 29, 8, 18, 7, 23, 12, 6, 4, 11, 21, 22, 5, 8, 6, 23, 9, 15, 41, 9, 7, 25, 13, 19, 17, 28, 12, 27, 7, 37, 17, 0, 8, 1, 13]
[27, 43, 32, 31, 3, 11, 41, 1, 8, 36, 7, 11, 43, 8, 36, 2, 25, 4, 29, 18, 7, 6, 7, 26, 29, 4, 16, 13, 19, 2, 9, 44, 9, 10, 22, 12, 23, 11, 30, 17, 22, 3, 44, 24, 9, 0, 9, 8]
[19, 35, 28, 23, 7, 16, 35, 9, 11, 34, 15, 17, 42, 3, 28, 8, 17, 7, 22, 13, 6, 4, 11, 22, 21, 5, 7, 5, 24, 9, 15, 42, 9, 6, 25, 13, 18, 17, 29, 12, 27, 8, 36, 16, 1, 8, 0, 12]
[22, 38, 40, 26, 10, 4, 36, 9, 16, 44, 13, 18, 51, 14, 36, 9, 20, 8, 34, 25, 14, 11, 4, 34, 24, 12, 19, 16, 26, 8, 16, 52, 5, 9, 15, 6, 18, 18, 38, 25, 15, 8, 39, 19, 14, 8, 14, 0]
