北京住海油库
银燕加油站 [13000, 0]
信富加油站 [26000, 12000]
朝阳三间房加油站 [20000, 0]
白庙加油站 [12000, 6000]
运政加油站 [8000, 12000]
高两河加油站 [13000, 0]
航桥加油站 [0, 13000]
汤河路加油站 [24000, 0]
顺利达加油站 [12000, 0]
华京顺加油站 [22000, 0]
顺规加油站 [22000, 21000]
朝阳惠龙腾加油站 [21000, 11000]
松树峪加油站 [22000, 0]
朝阳酒仙桥加油站 [7000, 0]
平安大街加油站 [10000, 0]
朝阳中旅望京加油站 [22000, 22000]
爱地加油站 [11000, 11000]
潞府加油站 [10000, 12000]
朝阳日坛加油站 [8000, 12000]
城南加油站 [10000, 12000]
顺义半壁店加油站 [48000, 13000]
北顺利加油站 [25000, 11000]
海宏加油站 [12000, 12000]
燕顺京加油站 [0, 12000]
朝阳姚家园加油站 [12000, 22000]
京俸伯加油站 [12000, 0]
龙合宫加油站 [23000, 11000]
九棵树加油站 [24000, 20000]
八里桥加油站 [8000, 8000]
西马坡加油站 [26000, 0]
住海加油站 [12000, 0]
北方（鑫溪凯旋）加油站 [13000, 0]
堡辛加油站 [15000, 0]
朝阳汇杰鑫加油站 [12000, 0]
朝阳甘露加油站 [0, 8000]
北苑加油站 [0, 7000]
大北关加油站 [14000, 0]
火垡东加油站 [0, 4000]
北火垡西站 [7000, 4000]
密溪路加油站 [24000, 0]
朝阳实润加油站 [0, 37000]
李桥西站 [10000, 0]
朝阳世纪燕华加油站 [24000, 10000]
朝阳北苑路加油站 [34000, 24000]
住海三利加油站 [9000, 0]
甘棠加油站 [10000, 12000]
运河加油站 [12000, 11000]
潮河加油站 [7000, 0]
朝阳广泽桥加油站 [0, 10000]
朝阳兆元加油站 [15000, 21000]
朝阳燕鑫加油站 [8000, 11000]
朝阳永顺发加油站 [33000, 11000]
怀丰路加油站 [23000, 0]
朝阳羊坊北加油站 [11000, 11000]
海洪加油站 [11000, 0]
银三角加油站 [11000, 0]
南环加油站 [12000, 0]
月月新加油站 [12000, 0]
桥头加油站 [0, 12000]
友谊加油站 [12000, 12000]
京东华鑫加油站 [12000, 11000]
东方旺加油站 [12000, 0]
通航加油站 [12000, 0]
每天来加油站 [23000, 10000]
朝阳观音堂西站 [12000, 0]
亚吉加油站 [24000, 17000]
暖风加油站 [24000, 8000]
港通加油站 [12000, 0]
双利加油站 [12000, 0]
南太务加油站 [12000, 0]
朝阳望京新城加油站 [34000, 23000]
东高村加油站 [12000, 12000]
东环加油站 [0, 12000]
国平加油站 [13000, 0]
城西加油站 [0, 13000]
兆畅加油站 [13000, 0]
滨河加油站 [11000, 13000]
顺义亚源加油站（控股） [12000, 12000]
顺金运加油站 [12000, 11000]
日日兴加油站 [0, 12000]
朝阳平安东辰加油站 [0, 10000]
长青加油站 [8000, 0]
顺煤加油站 [11000, 11000]
朝阳亚运加油站 [41000, 42000]
永昌加油站 [11000, 22000]
京AT2068 2 13000 0
京AW0336 2 12000 1
京AT1091 2 13000 2
京ABY150 2 11000 3
京ABY198 2 11000 4
京ADJ570 2 12000 5
京AFE753 2 12000 6
京ADU179 2 8000 7
京AT2076 2 13000 8
京ADU176 2 8000 9
京ABA852 2 12000 10
京ACW557 2 12000 11
京ABY190 2 11000 12
京ABY189 2 11000 13
京ABA981 2 12000 14
京ABA962 2 12000 15
京ABB019 1 12000 16
京ACW526 2 12000 17
京AW0280 2 12000 18
京AT1083 2 13000 19
京AFA535 2 12000 20
京AT1082 2 13000 21
京ABY201 2 11000 22
京ABY200 2 11000 23
[0, 42, 38, 21, 20, 39, 31, 33, 87, 22, 11, 11, 17, 84, 84, 28, 18, 10, 38, 26, 19, 1, 10, 12, 18, 22, 17, 18, 18, 18, 16, 1, 50, 20, 13, 24, 20, 31, 31, 29, 58, 20, 4, 12, 22, 20, 31, 19, 16, 18, 22, 21, 23, 44, 23, 15, 25, 33, 31, 47, 50, 4, 34, 55, 9, 25, 20, 23, 30, 31, 51, 18, 44, 36, 30, 48, 40, 47, 18, 15, 7, 11, 10, 11, 22, 13]
[41, 0, 7, 58, 57, 76, 11, 13, 55, 22, 32, 30, 42, 62, 62, 61, 50, 38, 76, 60, 58, 41, 33, 52, 39, 57, 32, 35, 57, 58, 26, 41, 27, 58, 50, 59, 47, 71, 70, 69, 32, 54, 39, 48, 52, 57, 69, 58, 32, 49, 56, 56, 52, 12, 48, 30, 17, 8, 10, 25, 28, 44, 8, 66, 39, 62, 59, 63, 69, 26, 68, 49, 65, 6, 42, 60, 52, 60, 26, 34, 36, 43, 39, 31, 52, 31]
[38, 7, 0, 55, 54, 73, 8, 11, 51, 19, 29, 27, 41, 57, 57, 59, 48, 35, 73, 57, 55, 38, 30, 49, 37, 54, 28, 32, 54, 55, 22, 38, 22, 55, 47, 56, 46, 68, 67, 66, 27, 51, 36, 45, 51, 54, 66, 55, 29, 48, 53, 53, 50, 7, 46, 27, 14, 6, 7, 20, 23, 41, 5, 62, 35, 59, 56, 60, 66, 21, 63, 48, 61, 3, 37, 55, 47, 56, 23, 31, 32, 40, 36, 28, 51, 28]
[20, 58, 55, 0, 19, 32, 47, 48, 104, 38, 28, 28, 23, 100, 100, 19, 17, 22, 30, 13, 10, 20, 26, 10, 26, 10, 34, 34, 9, 5, 33, 20, 66, 15, 9, 6, 21, 23, 19, 20, 74, 13, 21, 15, 21, 17, 23, 11, 32, 18, 10, 13, 22, 60, 24, 31, 41, 50, 48, 64, 67, 19, 50, 71, 22, 7, 13, 15, 22, 48, 67, 17, 59, 53, 47, 65, 57, 64, 34, 28, 24, 18, 23, 28, 20, 29]
[20, 57, 53, 18, 0, 21, 46, 49, 102, 40, 29, 29, 34, 89, 89, 35, 31, 29, 20, 29, 15, 19, 24, 12, 36, 26, 27, 23, 14, 14, 33, 20, 55, 6, 21, 23, 36, 23, 24, 21, 65, 29, 22, 27, 36, 1, 13, 13, 27, 32, 26, 29, 37, 58, 39, 33, 40, 48, 46, 54, 56, 23, 49, 55, 28, 23, 11, 12, 14, 37, 50, 31, 43, 51, 32, 49, 42, 47, 31, 33, 22, 28, 29, 28, 35, 27]
[39, 76, 73, 32, 21, 0, 65, 69, 121, 58, 47, 47, 53, 108, 108, 49, 47, 48, 5, 42, 24, 38, 43, 29, 54, 41, 47, 43, 23, 27, 51, 39, 74, 20, 38, 37, 52, 19, 25, 22, 83, 44, 41, 44, 51, 19, 10, 23, 47, 48, 40, 44, 52, 78, 55, 51, 60, 68, 66, 72, 75, 42, 69, 63, 47, 34, 21, 17, 10, 57, 58, 47, 51, 71, 47, 57, 54, 56, 51, 52, 41, 47, 48, 46, 50, 46]
[30, 14, 12, 47, 46, 65, 0, 8, 61, 11, 21, 20, 34, 61, 61, 51, 41, 28, 65, 50, 47, 30, 23, 41, 30, 46, 21, 25, 46, 47, 15, 30, 27, 47, 39, 49, 38, 60, 59, 58, 35, 43, 28, 37, 44, 46, 58, 48, 21, 40, 45, 45, 43, 18, 39, 19, 6, 6, 6, 25, 28, 33, 7, 58, 28, 51, 48, 52, 58, 20, 60, 41, 57, 10, 33, 51, 43, 52, 15, 23, 25, 33, 29, 20, 44, 20]
[33, 13, 11, 49, 50, 69, 6, 0, 61, 12, 24, 22, 30, 62, 62, 49, 37, 26, 69, 48, 50, 33, 26, 44, 26, 44, 25, 28, 49, 50, 19, 33, 28, 51, 39, 47, 35, 63, 62, 61, 36, 42, 31, 36, 40, 50, 62, 50, 25, 37, 44, 44, 39, 17, 35, 21, 10, 6, 6, 25, 28, 33, 7, 62, 26, 50, 51, 55, 61, 22, 63, 37, 60, 9, 37, 55, 47, 56, 19, 22, 29, 31, 27, 24, 40, 24]
[86, 53, 48, 103, 101, 120, 56, 59, 0, 66, 76, 75, 89, 89, 89, 107, 96, 83, 120, 105, 103, 85, 78, 96, 85, 101, 74, 78, 102, 102, 70, 86, 57, 103, 95, 104, 93, 116, 115, 114, 56, 99, 84, 93, 98, 101, 113, 103, 76, 95, 101, 100, 98, 42, 94, 74, 61, 53, 55, 56, 58, 89, 52, 107, 83, 106, 104, 108, 114, 67, 109, 96, 107, 50, 83, 101, 93, 102, 70, 78, 80, 88, 84, 76, 98, 76]
[22, 22, 19, 39, 40, 59, 11, 12, 68, 0, 12, 11, 26, 66, 66, 42, 31, 18, 58, 40, 39, 21, 16, 32, 22, 36, 15, 19, 38, 38, 8, 22, 31, 40, 31, 39, 31, 52, 51, 50, 39, 33, 20, 28, 36, 40, 51, 39, 15, 31, 36, 35, 35, 25, 32, 9, 6, 14, 12, 29, 32, 24, 15, 52, 18, 41, 40, 44, 50, 16, 54, 31, 51, 17, 27, 46, 37, 46, 9, 13, 18, 23, 19, 13, 36, 14]
[12, 32, 29, 30, 31, 49, 21, 23, 78, 11, 0, 2, 18, 75, 75, 34, 24, 10, 49, 32, 30, 12, 7, 23, 14, 28, 9, 11, 29, 29, 7, 12, 41, 31, 22, 31, 23, 42, 41, 40, 49, 26, 11, 20, 28, 31, 41, 30, 7, 23, 28, 28, 28, 34, 24, 4, 15, 24, 22, 38, 41, 14, 24, 52, 10, 34, 30, 34, 41, 23, 51, 23, 48, 27, 23, 43, 35, 43, 9, 5, 10, 15, 11, 4, 28, 5]
[11, 31, 27, 28, 29, 48, 20, 22, 76, 11, 2, 0, 19, 74, 74, 35, 25, 11, 47, 33, 28, 11, 6, 22, 15, 30, 8, 9, 27, 28, 5, 11, 39, 29, 20, 31, 24, 41, 40, 39, 47, 27, 9, 21, 29, 29, 40, 28, 6, 25, 29, 29, 29, 33, 25, 4, 14, 22, 20, 37, 40, 14, 23, 50, 11, 33, 29, 33, 39, 22, 50, 24, 46, 26, 21, 41, 33, 42, 7, 6, 8, 16, 12, 2, 29, 4]
[17, 44, 42, 22, 35, 53, 35, 31, 91, 26, 19, 19, 0, 90, 90, 21, 8, 10, 51, 20, 32, 17, 24, 27, 4, 17, 26, 27, 31, 27, 22, 17, 56, 34, 16, 20, 6, 45, 39, 41, 63, 14, 19, 12, 11, 35, 44, 32, 25, 7, 16, 15, 11, 48, 7, 18, 30, 37, 36, 53, 56, 13, 38, 69, 10, 23, 33, 37, 43, 40, 67, 7, 60, 40, 40, 60, 52, 61, 25, 14, 22, 8, 10, 20, 12, 21]
[85, 62, 57, 102, 89, 108, 58, 63, 89, 66, 76, 74, 91, 0, 1, 107, 96, 83, 108, 105, 101, 84, 76, 94, 88, 101, 67, 69, 100, 100, 70, 85, 37, 95, 94, 104, 96, 112, 112, 109, 44, 98, 82, 93, 101, 90, 101, 101, 70, 96, 101, 100, 101, 54, 97, 74, 63, 57, 58, 38, 35, 88, 56, 60, 83, 106, 99, 101, 103, 53, 63, 96, 61, 56, 67, 57, 63, 58, 68, 78, 78, 88, 84, 75, 101, 73]
[85, 62, 57, 102, 89, 108, 58, 63, 89, 66, 76, 74, 91, 1, 0, 107, 96, 83, 108, 105, 101, 84, 76, 94, 88, 101, 67, 69, 100, 100, 70, 85, 37, 95, 94, 104, 96, 112, 112, 109, 44, 98, 82, 93, 101, 90, 101, 101, 70, 96, 101, 100, 101, 54, 97, 74, 63, 57, 58, 38, 35, 88, 56, 60, 83, 106, 99, 101, 103, 53, 63, 96, 61, 56, 67, 57, 63, 58, 68, 78, 78, 88, 84, 75, 101, 73]
[27, 61, 59, 17, 35, 49, 51, 49, 108, 41, 34, 35, 20, 105, 105, 0, 13, 24, 47, 7, 27, 27, 36, 26, 22, 9, 42, 43, 26, 22, 37, 27, 71, 32, 19, 13, 16, 38, 32, 35, 79, 10, 30, 16, 10, 34, 40, 28, 40, 15, 11, 9, 11, 64, 14, 33, 45, 54, 52, 68, 71, 23, 54, 82, 24, 18, 30, 32, 39, 55, 78, 14, 71, 57, 56, 76, 67, 74, 40, 29, 33, 19, 24, 35, 10, 36]
[17, 51, 49, 16, 33, 48, 41, 38, 98, 31, 25, 25, 8, 95, 95, 14, 0, 14, 46, 12, 25, 17, 26, 23, 11, 10, 32, 33, 25, 21, 28, 17, 61, 29, 11, 13, 6, 39, 33, 35, 69, 7, 21, 7, 5, 32, 39, 27, 30, 3, 9, 8, 5, 55, 9, 24, 36, 44, 42, 58, 62, 14, 45, 72, 14, 17, 28, 31, 38, 45, 68, 1, 62, 47, 46, 66, 57, 65, 30, 19, 24, 9, 15, 26, 5, 27]
[10, 40, 37, 23, 30, 48, 30, 27, 86, 19, 13, 13, 10, 84, 84, 24, 14, 0, 47, 23, 28, 10, 17, 22, 9, 19, 20, 21, 27, 25, 16, 10, 49, 29, 13, 21, 15, 41, 38, 39, 57, 16, 11, 10, 18, 29, 40, 28, 18, 14, 18, 18, 18, 43, 17, 12, 24, 32, 30, 46, 50, 7, 33, 62, 2, 24, 29, 33, 39, 33, 61, 14, 54, 35, 34, 54, 45, 54, 18, 8, 15, 6, 3, 14, 18, 15]
[38, 76, 72, 30, 21, 5, 65, 68, 121, 58, 47, 47, 51, 108, 108, 48, 46, 47, 0, 40, 22, 38, 43, 27, 53, 39, 46, 43, 21, 25, 51, 38, 74, 20, 36, 35, 50, 16, 23, 20, 83, 42, 40, 42, 49, 19, 8, 22, 47, 47, 38, 42, 50, 78, 53, 51, 59, 68, 66, 72, 75, 41, 68, 63, 47, 32, 19, 15, 9, 56, 59, 45, 51, 71, 47, 57, 54, 56, 51, 51, 41, 45, 47, 46, 48, 46]
[25, 60, 57, 12, 30, 43, 50, 48, 106, 39, 33, 33, 19, 103, 103, 8, 12, 22, 40, 0, 21, 25, 34, 21, 22, 7, 40, 41, 20, 16, 36, 25, 69, 26, 17, 8, 16, 32, 26, 29, 77, 8, 28, 15, 11, 29, 34, 22, 38, 14, 8, 7, 12, 63, 17, 32, 44, 52, 50, 66, 70, 22, 53, 80, 22, 12, 24, 26, 33, 53, 76, 13, 69, 55, 54, 74, 65, 72, 38, 28, 32, 17, 23, 34, 10, 35]
[19, 59, 56, 10, 16, 24, 48, 51, 105, 39, 28, 28, 31, 100, 100, 27, 25, 28, 22, 21, 0, 19, 26, 8, 35, 19, 33, 33, 2, 5, 34, 19, 66, 10, 16, 15, 30, 15, 12, 13, 74, 22, 22, 22, 29, 14, 15, 4, 32, 26, 18, 21, 30, 61, 33, 32, 42, 51, 49, 63, 67, 22, 51, 68, 28, 11, 6, 7, 14, 48, 64, 25, 56, 54, 45, 62, 55, 61, 34, 33, 23, 25, 29, 29, 28, 29]
[1, 41, 38, 21, 20, 39, 30, 33, 87, 22, 11, 11, 17, 84, 84, 28, 18, 10, 38, 26, 19, 0, 10, 12, 18, 22, 17, 18, 18, 18, 16, 1, 50, 20, 13, 24, 20, 31, 30, 29, 57, 20, 4, 12, 22, 20, 31, 19, 16, 18, 22, 22, 23, 44, 23, 14, 25, 33, 31, 47, 50, 4, 34, 55, 10, 25, 19, 23, 30, 31, 51, 18, 44, 36, 29, 48, 40, 47, 17, 15, 7, 11, 11, 11, 22, 12]
[10, 34, 31, 28, 25, 44, 23, 27, 80, 16, 6, 6, 24, 75, 75, 37, 27, 16, 44, 35, 26, 10, 0, 20, 20, 30, 9, 9, 25, 26, 10, 10, 41, 26, 20, 30, 28, 39, 38, 37, 49, 29, 7, 22, 32, 25, 37, 26, 7, 28, 29, 31, 32, 37, 29, 9, 18, 26, 24, 38, 42, 13, 27, 51, 16, 32, 27, 31, 37, 23, 50, 27, 43, 29, 22, 42, 34, 43, 9, 10, 3, 20, 17, 4, 32, 4]
[13, 53, 49, 10, 12, 28, 42, 44, 99, 33, 22, 22, 28, 94, 94, 26, 23, 22, 26, 21, 7, 13, 20, 0, 29, 17, 27, 27, 6, 6, 27, 13, 60, 9, 13, 15, 28, 19, 19, 17, 68, 20, 16, 19, 28, 11, 19, 7, 26, 24, 17, 20, 29, 55, 30, 26, 36, 45, 43, 57, 60, 16, 45, 62, 22, 14, 8, 11, 18, 41, 58, 23, 52, 48, 39, 56, 49, 55, 28, 27, 17, 21, 23, 23, 27, 23]
[18, 40, 38, 26, 36, 55, 31, 27, 88, 22, 15, 16, 4, 86, 86, 23, 11, 9, 53, 23, 34, 18, 20, 28, 0, 20, 23, 24, 33, 30, 18, 18, 52, 36, 19, 23, 9, 47, 43, 45, 60, 17, 19, 15, 14, 36, 46, 34, 21, 11, 20, 19, 13, 44, 9, 14, 26, 33, 32, 49, 52, 15, 34, 65, 10, 26, 35, 39, 45, 36, 65, 11, 60, 36, 37, 57, 48, 57, 21, 10, 22, 10, 11, 16, 14, 17]
[22, 57, 53, 9, 26, 40, 46, 44, 102, 36, 29, 29, 16, 100, 100, 11, 9, 18, 38, 7, 18, 22, 28, 17, 20, 0, 36, 36, 18, 14, 32, 22, 65, 23, 10, 5, 15, 32, 26, 28, 73, 5, 23, 10, 12, 25, 31, 19, 35, 11, 1, 5, 13, 59, 18, 28, 40, 49, 47, 63, 66, 18, 49, 74, 18, 9, 22, 24, 30, 50, 70, 9, 63, 52, 49, 68, 59, 66, 35, 24, 26, 14, 19, 30, 11, 31]
[18, 32, 28, 35, 28, 47, 21, 24, 75, 15, 9, 8, 26, 67, 67, 42, 32, 18, 46, 40, 33, 17, 8, 27, 23, 37, 0, 5, 32, 33, 8, 18, 33, 32, 27, 38, 31, 46, 45, 44, 41, 34, 15, 28, 36, 28, 39, 34, 3, 32, 36, 36, 36, 32, 32, 10, 15, 23, 22, 30, 34, 21, 24, 45, 19, 39, 34, 37, 41, 14, 45, 31, 42, 27, 17, 37, 28, 37, 7, 13, 11, 23, 19, 8, 36, 6]
[18, 36, 32, 35, 25, 44, 25, 28, 79, 19, 10, 9, 28, 69, 69, 43, 33, 20, 44, 42, 34, 17, 9, 27, 24, 38, 4, 0, 33, 33, 12, 18, 36, 29, 27, 38, 32, 46, 45, 43, 45, 35, 15, 29, 37, 25, 37, 34, 5, 33, 36, 37, 37, 36, 33, 12, 19, 27, 25, 34, 36, 21, 28, 43, 20, 40, 33, 35, 38, 17, 42, 33, 39, 31, 14, 34, 26, 34, 10, 14, 11, 25, 21, 9, 38, 7]
[18, 58, 54, 10, 15, 23, 47, 49, 103, 38, 27, 27, 31, 98, 98, 27, 25, 27, 21, 20, 2, 17, 25, 7, 33, 18, 32, 32, 0, 4, 32, 18, 64, 8, 15, 14, 29, 14, 13, 12, 72, 21, 20, 22, 29, 13, 14, 2, 30, 26, 18, 21, 30, 60, 32, 31, 41, 49, 48, 62, 65, 21, 50, 67, 26, 11, 5, 6, 13, 46, 63, 25, 55, 53, 44, 61, 53, 59, 32, 31, 22, 24, 27, 27, 28, 28]
[18, 58, 55, 6, 15, 27, 47, 50, 104, 38, 28, 28, 27, 99, 99, 23, 21, 25, 25, 17, 5, 18, 25, 7, 30, 15, 33, 32, 4, 0, 33, 18, 65, 10, 12, 11, 26, 18, 15, 16, 73, 18, 21, 18, 25, 14, 18, 6, 31, 22, 14, 17, 26, 60, 29, 31, 41, 50, 48, 62, 66, 22, 50, 68, 25, 10, 8, 10, 17, 47, 64, 21, 56, 53, 44, 62, 54, 60, 33, 30, 23, 21, 25, 28, 24, 28]
[16, 26, 23, 33, 33, 52, 15, 19, 72, 8, 6, 5, 22, 69, 69, 38, 28, 14, 52, 36, 33, 15, 9, 26, 19, 33, 8, 11, 32, 32, 0, 16, 35, 34, 25, 35, 27, 45, 45, 44, 42, 30, 14, 24, 32, 33, 45, 33, 8, 28, 32, 32, 32, 28, 28, 5, 10, 18, 16, 32, 35, 19, 19, 49, 15, 38, 34, 38, 44, 19, 50, 27, 47, 21, 23, 42, 34, 42, 4, 10, 11, 19, 15, 6, 32, 7]
[1, 42, 38, 21, 20, 39, 31, 33, 87, 22, 11, 11, 17, 84, 84, 28, 18, 10, 38, 26, 19, 1, 10, 12, 18, 22, 17, 18, 18, 18, 16, 0, 50, 20, 13, 24, 20, 31, 31, 29, 58, 20, 4, 12, 22, 20, 31, 19, 16, 18, 22, 21, 23, 44, 23, 15, 25, 33, 31, 47, 50, 4, 34, 55, 9, 25, 20, 23, 30, 31, 51, 18, 44, 36, 30, 48, 40, 47, 18, 15, 7, 11, 10, 11, 22, 13]
[50, 27, 22, 67, 55, 74, 23, 28, 59, 31, 41, 39, 56, 36, 36, 72, 61, 48, 74, 70, 66, 50, 41, 59, 52, 66, 33, 35, 65, 65, 35, 50, 0, 61, 59, 69, 61, 78, 77, 75, 9, 64, 47, 58, 66, 56, 67, 66, 36, 61, 66, 65, 66, 19, 62, 39, 28, 22, 23, 3, 4, 53, 21, 52, 48, 71, 65, 67, 68, 19, 54, 61, 52, 21, 33, 47, 41, 47, 33, 43, 43, 53, 49, 40, 66, 38]
[19, 58, 54, 15, 10, 22, 47, 50, 103, 39, 29, 29, 34, 96, 96, 32, 29, 28, 22, 25, 10, 19, 24, 9, 35, 23, 31, 30, 9, 9, 33, 19, 62, 0, 19, 19, 33, 18, 18, 15, 71, 26, 22, 25, 33, 8, 15, 8, 30, 30, 23, 26, 35, 60, 36, 32, 41, 49, 47, 60, 63, 23, 50, 62, 28, 18, 6, 9, 15, 44, 58, 29, 50, 53, 40, 56, 49, 54, 32, 33, 22, 27, 29, 28, 33, 28]
[12, 51, 47, 10, 22, 38, 40, 39, 96, 31, 20, 20, 16, 93, 93, 20, 11, 13, 36, 17, 16, 12, 19, 13, 19, 11, 26, 27, 15, 11, 25, 12, 59, 19, 0, 11, 17, 29, 25, 26, 67, 10, 13, 7, 15, 22, 29, 17, 25, 12, 10, 11, 16, 53, 19, 23, 34, 42, 40, 56, 60, 10, 43, 64, 13, 13, 18, 22, 28, 41, 60, 11, 54, 45, 40, 58, 50, 57, 27, 19, 16, 9, 14, 20, 15, 22]
[24, 59, 56, 8, 26, 40, 48, 46, 105, 38, 31, 32, 18, 102, 102, 13, 11, 21, 37, 6, 17, 24, 31, 16, 22, 4, 39, 39, 17, 13, 34, 24, 68, 22, 12, 0, 17, 31, 25, 27, 76, 7, 25, 12, 15, 25, 30, 18, 37, 13, 4, 7, 16, 61, 20, 30, 42, 51, 49, 65, 68, 20, 51, 76, 21, 9, 21, 23, 29, 52, 72, 12, 65, 54, 52, 70, 61, 68, 37, 26, 28, 16, 21, 32, 14, 33]
[19, 49, 48, 20, 37, 52, 41, 37, 97, 31, 25, 25, 7, 95, 95, 16, 6, 15, 50, 16, 30, 19, 28, 27, 9, 14, 32, 33, 29, 25, 28, 19, 61, 34, 16, 18, 0, 43, 37, 39, 69, 11, 23, 12, 6, 36, 43, 31, 30, 5, 14, 13, 5, 53, 4, 24, 36, 42, 41, 58, 62, 16, 43, 74, 15, 21, 32, 35, 42, 45, 70, 6, 64, 46, 46, 66, 57, 66, 30, 19, 26, 10, 15, 26, 6, 27]
[31, 71, 68, 24, 24, 19, 60, 63, 117, 51, 41, 41, 45, 111, 111, 39, 39, 40, 16, 32, 15, 31, 38, 20, 47, 31, 46, 45, 14, 18, 46, 31, 77, 18, 29, 29, 43, 0, 11, 15, 86, 34, 34, 36, 41, 22, 17, 15, 44, 40, 32, 33, 42, 74, 46, 44, 55, 63, 61, 75, 78, 35, 64, 76, 40, 25, 14, 11, 12, 59, 72, 39, 64, 66, 54, 70, 63, 68, 46, 45, 36, 38, 41, 41, 40, 41]
[30, 70, 66, 22, 22, 22, 59, 62, 115, 50, 39, 39, 41, 108, 108, 37, 36, 39, 20, 30, 15, 30, 37, 19, 45, 29, 43, 43, 13, 17, 44, 30, 75, 16, 28, 26, 40, 20, 0, 17, 84, 32, 33, 34, 39, 20, 17, 14, 43, 37, 30, 31, 40, 72, 43, 43, 53, 61, 59, 73, 75, 34, 62, 74, 39, 22, 11, 10, 15, 56, 70, 36, 62, 64, 52, 68, 61, 67, 45, 44, 35, 37, 40, 39, 38, 40]
[29, 69, 66, 19, 25, 25, 58, 61, 115, 50, 39, 39, 38, 110, 110, 33, 33, 37, 23, 25, 11, 29, 36, 19, 42, 24, 44, 43, 12, 14, 44, 29, 76, 19, 24, 22, 37, 11, 3, 0, 84, 27, 32, 30, 35, 23, 20, 14, 42, 34, 25, 27, 36, 72, 40, 42, 53, 61, 59, 74, 77, 33, 62, 77, 37, 19, 14, 13, 18, 58, 73, 32, 65, 64, 55, 71, 64, 70, 44, 43, 34, 33, 38, 39, 34, 39]
[58, 32, 26, 75, 64, 83, 31, 36, 57, 39, 49, 47, 64, 42, 42, 80, 69, 56, 83, 78, 74, 58, 49, 67, 60, 74, 42, 44, 73, 73, 43, 58, 10, 70, 67, 77, 69, 86, 85, 84, 0, 72, 55, 66, 74, 65, 76, 74, 44, 69, 74, 73, 74, 20, 70, 47, 36, 30, 31, 12, 12, 61, 29, 61, 56, 79, 74, 76, 78, 28, 62, 69, 60, 28, 42, 55, 50, 55, 41, 51, 51, 61, 57, 48, 74, 46]
[19, 54, 51, 12, 29, 44, 43, 42, 100, 33, 26, 27, 13, 97, 97, 11, 6, 16, 42, 9, 22, 19, 28, 20, 17, 4, 34, 35, 21, 17, 29, 19, 63, 26, 9, 8, 11, 34, 28, 31, 71, 0, 22, 8, 8, 28, 35, 23, 32, 8, 4, 3, 10, 56, 14, 26, 37, 46, 44, 60, 64, 15, 46, 73, 16, 13, 25, 27, 34, 47, 69, 7, 63, 49, 48, 67, 59, 66, 32, 21, 25, 11, 16, 27, 8, 28]
[4, 39, 36, 22, 20, 39, 28, 32, 85, 20, 10, 9, 19, 80, 80, 31, 21, 11, 39, 29, 21, 4, 6, 14, 19, 24, 14, 14, 20, 21, 15, 4, 46, 21, 14, 25, 23, 34, 33, 31, 54, 23, 0, 16, 26, 20, 32, 21, 12, 22, 23, 25, 26, 42, 26, 13, 23, 31, 29, 44, 47, 7, 32, 54, 11, 26, 22, 25, 31, 28, 50, 21, 43, 34, 27, 46, 38, 46, 14, 14, 4, 14, 12, 10, 26, 9]
[12, 49, 45, 14, 28, 45, 38, 36, 94, 28, 21, 21, 13, 92, 92, 17, 7, 10, 43, 15, 23, 12, 21, 20, 16, 10, 28, 29, 23, 19, 24, 12, 57, 26, 7, 12, 13, 37, 31, 33, 65, 8, 16, 0, 11, 28, 36, 24, 26, 8, 10, 10, 12, 51, 15, 20, 32, 40, 38, 54, 58, 9, 41, 67, 10, 14, 25, 29, 35, 41, 63, 7, 56, 43, 42, 60, 52, 60, 26, 16, 19, 5, 11, 22, 11, 23]
[23, 55, 53, 21, 38, 52, 46, 42, 102, 37, 30, 30, 13, 101, 101, 10, 6, 19, 50, 11, 30, 23, 32, 29, 15, 12, 37, 38, 30, 26, 33, 23, 66, 35, 16, 17, 7, 42, 36, 39, 74, 10, 26, 12, 0, 37, 43, 31, 36, 8, 13, 9, 3, 59, 7, 29, 41, 48, 47, 64, 67, 19, 49, 78, 19, 21, 33, 36, 42, 51, 74, 7, 67, 51, 51, 71, 63, 70, 36, 25, 29, 15, 20, 31, 3, 32]
[20, 57, 54, 18, 2, 20, 46, 50, 102, 40, 29, 29, 35, 90, 90, 35, 32, 29, 19, 29, 14, 20, 25, 12, 36, 26, 27, 24, 13, 14, 33, 20, 56, 5, 21, 23, 36, 22, 23, 20, 65, 29, 23, 27, 36, 0, 12, 12, 28, 33, 26, 29, 38, 59, 39, 33, 40, 49, 47, 54, 57, 24, 49, 55, 29, 22, 10, 11, 13, 38, 50, 32, 43, 52, 32, 48, 42, 47, 32, 34, 22, 28, 30, 28, 35, 28]
[31, 69, 66, 23, 14, 10, 58, 62, 114, 51, 40, 40, 44, 101, 101, 41, 39, 40, 8, 34, 15, 31, 36, 20, 46, 32, 39, 36, 14, 18, 44, 31, 67, 13, 29, 28, 43, 17, 20, 17, 76, 35, 33, 35, 42, 12, 0, 15, 40, 40, 31, 35, 43, 71, 46, 44, 52, 61, 59, 65, 68, 34, 61, 60, 40, 25, 12, 8, 6, 50, 56, 38, 48, 64, 44, 54, 50, 53, 44, 44, 34, 38, 41, 39, 41, 39]
[18, 58, 54, 10, 15, 24, 47, 49, 103, 38, 27, 27, 31, 98, 98, 27, 25, 27, 22, 20, 2, 17, 25, 7, 33, 18, 32, 32, 1, 4, 32, 18, 64, 9, 16, 15, 30, 15, 14, 14, 72, 21, 20, 22, 29, 13, 15, 0, 30, 26, 18, 21, 30, 60, 32, 31, 41, 49, 48, 62, 65, 21, 50, 67, 26, 11, 5, 7, 14, 46, 63, 25, 55, 53, 44, 61, 53, 60, 32, 31, 22, 25, 27, 27, 28, 28]
[17, 33, 30, 34, 27, 46, 22, 26, 77, 16, 8, 7, 25, 68, 68, 41, 31, 17, 46, 39, 33, 17, 8, 26, 22, 36, 2, 4, 32, 32, 9, 17, 35, 31, 26, 37, 30, 45, 44, 43, 43, 33, 14, 27, 35, 27, 39, 33, 0, 31, 35, 35, 35, 33, 31, 9, 16, 25, 23, 32, 35, 20, 25, 44, 18, 39, 33, 36, 40, 16, 44, 30, 41, 28, 16, 36, 27, 36, 8, 12, 10, 23, 18, 7, 35, 5]
[16, 50, 48, 16, 32, 47, 40, 37, 97, 30, 24, 24, 7, 94, 94, 17, 3, 13, 45, 15, 25, 16, 25, 22, 11, 11, 31, 32, 25, 21, 26, 16, 60, 29, 12, 14, 6, 39, 33, 35, 68, 8, 19, 8, 7, 31, 38, 26, 29, 0, 11, 10, 7, 53, 9, 23, 35, 43, 41, 57, 61, 13, 44, 71, 13, 16, 28, 31, 37, 44, 67, 2, 60, 46, 45, 65, 56, 64, 29, 18, 23, 8, 13, 24, 8, 26]
[22, 57, 53, 10, 27, 41, 46, 44, 103, 36, 29, 29, 16, 100, 100, 10, 9, 18, 39, 7, 19, 22, 29, 17, 20, 1, 36, 37, 19, 15, 32, 22, 65, 24, 10, 6, 14, 32, 26, 29, 73, 4, 23, 10, 11, 26, 32, 20, 35, 11, 0, 4, 13, 59, 17, 28, 40, 49, 47, 63, 66, 18, 49, 74, 18, 10, 22, 25, 31, 50, 70, 9, 63, 52, 50, 68, 60, 67, 35, 24, 26, 14, 19, 30, 11, 31]
[21, 56, 53, 14, 31, 45, 45, 43, 102, 35, 28, 29, 15, 99, 99, 10, 8, 18, 43, 8, 23, 21, 30, 21, 18, 5, 36, 37, 22, 18, 31, 21, 65, 28, 11, 10, 13, 35, 29, 32, 73, 2, 24, 10, 10, 30, 36, 24, 34, 10, 6, 0, 11, 58, 15, 27, 39, 48, 46, 62, 65, 17, 48, 76, 18, 14, 27, 29, 35, 49, 71, 9, 65, 51, 49, 69, 61, 68, 34, 23, 27, 13, 18, 29, 9, 30]
[22, 52, 51, 21, 38, 53, 44, 39, 100, 35, 28, 28, 10, 99, 99, 12, 5, 18, 51, 13, 30, 22, 31, 28, 13, 12, 35, 36, 30, 26, 31, 22, 64, 35, 16, 17, 5, 43, 37, 40, 72, 10, 26, 12, 2, 37, 44, 32, 33, 7, 13, 11, 0, 57, 5, 27, 39, 45, 45, 62, 65, 19, 46, 77, 18, 22, 33, 36, 43, 48, 73, 6, 67, 49, 49, 69, 61, 69, 34, 23, 29, 13, 18, 29, 3, 30]
[44, 12, 6, 61, 59, 78, 14, 17, 44, 24, 34, 33, 47, 52, 52, 65, 54, 41, 78, 63, 61, 43, 36, 54, 43, 59, 32, 36, 60, 60, 28, 44, 17, 61, 53, 62, 51, 74, 73, 72, 20, 57, 42, 51, 57, 59, 71, 61, 34, 53, 59, 58, 56, 0, 52, 32, 19, 11, 13, 16, 18, 47, 10, 65, 41, 64, 62, 66, 72, 25, 67, 54, 65, 8, 41, 59, 51, 60, 28, 36, 38, 46, 42, 34, 57, 34]
[23, 48, 47, 24, 41, 56, 40, 35, 96, 31, 24, 24, 6, 95, 95, 16, 10, 15, 54, 17, 34, 23, 28, 31, 8, 17, 31, 32, 33, 29, 27, 23, 60, 38, 20, 22, 4, 47, 41, 43, 68, 14, 25, 16, 6, 40, 47, 35, 29, 10, 18, 15, 6, 53, 0, 23, 35, 41, 40, 58, 61, 19, 42, 74, 15, 25, 36, 40, 46, 44, 73, 10, 66, 45, 45, 65, 57, 65, 30, 19, 28, 13, 16, 25, 8, 26]
[15, 30, 27, 32, 33, 52, 19, 21, 76, 9, 5, 4, 18, 73, 73, 34, 24, 10, 51, 32, 32, 14, 9, 25, 14, 28, 10, 12, 31, 31, 5, 15, 39, 33, 23, 31, 23, 44, 44, 43, 47, 26, 13, 20, 28, 33, 44, 32, 8, 23, 28, 27, 28, 32, 24, 0, 13, 22, 20, 36, 40, 16, 22, 53, 10, 33, 33, 37, 43, 23, 52, 23, 49, 25, 24, 44, 36, 44, 8, 6, 11, 15, 11, 6, 28, 7]
[25, 17, 14, 42, 41, 60, 7, 10, 63, 6, 15, 14, 30, 63, 63, 46, 36, 22, 59, 44, 42, 25, 17, 35, 26, 40, 15, 19, 41, 41, 9, 25, 29, 42, 34, 43, 35, 55, 54, 53, 36, 38, 23, 32, 40, 41, 52, 42, 16, 35, 40, 39, 40, 20, 36, 13, 0, 9, 7, 26, 29, 28, 10, 53, 22, 45, 43, 47, 53, 16, 54, 35, 51, 12, 27, 46, 38, 46, 10, 18, 19, 27, 23, 15, 40, 15]
[33, 8, 6, 50, 49, 68, 3, 6, 55, 14, 24, 22, 35, 57, 57, 54, 42, 30, 68, 52, 50, 33, 25, 44, 31, 49, 24, 27, 49, 50, 18, 33, 22, 50, 42, 51, 40, 63, 62, 61, 30, 46, 31, 40, 45, 49, 61, 50, 24, 42, 48, 48, 45, 12, 41, 22, 9, 0, 2, 20, 23, 36, 1, 58, 31, 54, 51, 55, 61, 18, 60, 42, 57, 4, 34, 52, 44, 52, 18, 26, 28, 36, 31, 23, 45, 23]
[32, 11, 7, 49, 48, 67, 2, 7, 56, 13, 23, 22, 36, 57, 57, 54, 43, 30, 67, 52, 50, 32, 25, 43, 32, 48, 22, 26, 48, 49, 17, 32, 22, 49, 41, 51, 40, 62, 61, 60, 30, 45, 30, 39, 46, 48, 60, 50, 23, 42, 48, 47, 45, 13, 41, 21, 8, 2, 0, 20, 23, 35, 3, 56, 30, 53, 50, 54, 60, 16, 58, 43, 55, 6, 32, 50, 41, 50, 17, 25, 27, 35, 31, 22, 46, 22]
[47, 24, 19, 64, 53, 72, 20, 25, 58, 29, 38, 36, 53, 38, 38, 69, 59, 45, 72, 67, 63, 47, 38, 56, 49, 63, 30, 33, 62, 62, 32, 47, 3, 59, 56, 66, 58, 75, 74, 73, 12, 61, 44, 55, 63, 54, 65, 63, 33, 58, 63, 62, 63, 16, 59, 36, 25, 19, 20, 0, 4, 50, 18, 54, 45, 68, 63, 65, 66, 17, 55, 58, 53, 19, 31, 47, 39, 48, 30, 40, 40, 50, 46, 37, 63, 35]
[50, 28, 23, 68, 56, 75, 24, 29, 60, 32, 42, 40, 57, 34, 34, 73, 62, 49, 75, 71, 66, 50, 41, 60, 53, 67, 34, 36, 65, 66, 36, 50, 4, 61, 60, 70, 62, 78, 78, 75, 12, 64, 48, 58, 67, 57, 68, 66, 36, 62, 67, 66, 66, 20, 62, 40, 29, 23, 24, 4, 0, 53, 22, 50, 49, 72, 65, 67, 69, 20, 52, 62, 49, 23, 33, 45, 42, 45, 34, 44, 44, 54, 50, 40, 67, 39]
[4, 44, 41, 20, 24, 42, 33, 34, 90, 24, 14, 14, 15, 86, 86, 25, 15, 8, 41, 23, 22, 4, 12, 16, 16, 20, 20, 20, 21, 22, 19, 4, 52, 23, 11, 22, 18, 35, 34, 33, 60, 17, 7, 10, 20, 24, 34, 22, 18, 16, 19, 19, 20, 46, 20, 16, 27, 36, 34, 50, 53, 0, 36, 59, 8, 23, 23, 27, 33, 34, 54, 15, 48, 39, 33, 52, 44, 51, 20, 13, 10, 8, 9, 14, 20, 15]
[34, 8, 5, 51, 50, 69, 4, 7, 54, 14, 24, 23, 36, 56, 56, 55, 44, 31, 68, 53, 51, 33, 26, 44, 33, 49, 24, 28, 50, 50, 18, 34, 21, 50, 43, 52, 41, 64, 63, 62, 29, 47, 32, 41, 46, 49, 61, 51, 24, 43, 49, 48, 46, 11, 42, 22, 9, 1, 3, 19, 22, 37, 0, 59, 31, 54, 52, 56, 62, 18, 60, 43, 58, 3, 34, 52, 44, 53, 18, 26, 28, 36, 32, 24, 46, 24]
[55, 66, 62, 71, 54, 61, 57, 62, 108, 52, 52, 50, 69, 60, 60, 83, 73, 61, 64, 81, 68, 55, 51, 62, 65, 76, 45, 42, 67, 68, 49, 55, 53, 59, 65, 76, 74, 76, 77, 74, 60, 75, 55, 67, 78, 54, 60, 66, 46, 73, 75, 77, 77, 65, 75, 53, 53, 58, 57, 54, 50, 59, 59, 0, 61, 76, 64, 65, 66, 41, 4, 73, 12, 61, 30, 9, 21, 11, 47, 56, 53, 65, 62, 50, 77, 49]
[10, 39, 35, 23, 29, 48, 28, 26, 85, 18, 11, 12, 11, 82, 82, 25, 15, 3, 47, 23, 28, 10, 16, 21, 11, 20, 18, 20, 27, 24, 14, 10, 48, 29, 13, 22, 16, 40, 38, 38, 55, 17, 11, 11, 19, 29, 40, 28, 17, 15, 19, 19, 19, 41, 17, 10, 22, 31, 29, 45, 48, 7, 31, 61, 0, 25, 28, 32, 39, 32, 60, 14, 53, 34, 32, 52, 44, 53, 17, 6, 14, 7, 1, 12, 19, 13]
[26, 64, 61, 8, 24, 33, 53, 53, 110, 44, 34, 34, 26, 107, 107, 20, 20, 27, 30, 13, 12, 26, 33, 15, 29, 14, 40, 41, 11, 10, 39, 26, 73, 19, 16, 9, 25, 23, 17, 19, 81, 16, 27, 18, 24, 23, 25, 13, 39, 21, 12, 14, 25, 67, 27, 37, 48, 56, 54, 70, 73, 25, 57, 77, 27, 0, 16, 18, 25, 54, 72, 20, 65, 59, 53, 70, 63, 69, 41, 32, 30, 22, 27, 34, 23, 35]
[20, 60, 56, 14, 11, 21, 49, 51, 105, 40, 29, 29, 34, 98, 98, 31, 29, 29, 19, 25, 7, 20, 27, 9, 35, 23, 33, 32, 5, 9, 34, 20, 64, 5, 18, 19, 33, 14, 13, 11, 74, 26, 22, 24, 33, 10, 12, 5, 33, 29, 22, 25, 34, 62, 36, 33, 43, 52, 50, 63, 65, 23, 52, 64, 29, 16, 0, 4, 10, 46, 59, 28, 52, 55, 42, 58, 51, 56, 34, 34, 24, 27, 29, 30, 32, 30]
[25, 65, 61, 18, 15, 17, 54, 57, 110, 45, 34, 34, 38, 102, 102, 35, 33, 34, 15, 28, 9, 25, 32, 14, 40, 26, 38, 36, 8, 12, 39, 25, 68, 10, 23, 22, 37, 12, 14, 11, 77, 29, 28, 30, 37, 13, 8, 9, 38, 34, 26, 29, 38, 67, 40, 38, 48, 56, 55, 66, 69, 28, 57, 67, 34, 19, 6, 0, 7, 50, 63, 33, 55, 60, 45, 61, 54, 59, 40, 39, 29, 32, 35, 34, 36, 35]
[30, 69, 66, 22, 15, 11, 58, 61, 115, 50, 39, 39, 43, 102, 102, 39, 38, 39, 9, 33, 14, 30, 36, 19, 45, 31, 41, 37, 13, 17, 44, 30, 68, 12, 28, 27, 42, 12, 18, 15, 77, 34, 32, 34, 41, 13, 6, 14, 41, 38, 30, 33, 42, 72, 45, 43, 53, 61, 59, 66, 69, 33, 62, 66, 38, 24, 11, 7, 0, 51, 62, 37, 54, 64, 45, 60, 55, 59, 44, 44, 34, 37, 39, 39, 40, 39]
[32, 26, 22, 49, 38, 57, 17, 22, 68, 16, 23, 22, 40, 53, 53, 55, 45, 31, 56, 53, 47, 31, 22, 41, 36, 50, 14, 16, 46, 47, 19, 32, 19, 42, 41, 52, 44, 59, 59, 56, 28, 47, 29, 41, 49, 37, 49, 48, 17, 45, 49, 49, 49, 25, 45, 23, 16, 18, 17, 17, 20, 34, 18, 41, 32, 53, 46, 48, 51, 0, 43, 45, 40, 20, 17, 35, 27, 36, 17, 27, 25, 37, 33, 22, 49, 20]
[51, 68, 64, 67, 50, 57, 59, 63, 110, 54, 51, 50, 67, 63, 63, 79, 69, 61, 59, 77, 64, 51, 49, 58, 65, 72, 45, 42, 63, 64, 51, 51, 54, 55, 61, 72, 70, 72, 72, 69, 62, 70, 51, 63, 73, 50, 56, 62, 45, 69, 71, 72, 73, 67, 73, 52, 54, 60, 59, 55, 52, 55, 60, 5, 60, 72, 60, 61, 62, 43, 0, 69, 8, 62, 29, 9, 21, 9, 49, 55, 50, 61, 61, 50, 73, 49]
[17, 51, 48, 16, 32, 47, 41, 38, 98, 31, 24, 24, 7, 95, 95, 15, 1, 13, 45, 13, 25, 17, 26, 22, 11, 9, 31, 32, 25, 21, 27, 17, 60, 29, 11, 13, 6, 39, 33, 35, 68, 7, 20, 6, 5, 31, 38, 26, 30, 2, 9, 8, 6, 54, 9, 23, 35, 44, 42, 58, 61, 13, 44, 72, 13, 16, 28, 31, 37, 45, 68, 0, 61, 47, 45, 65, 57, 64, 30, 19, 23, 9, 14, 25, 5, 26]
[44, 66, 61, 60, 42, 49, 57, 61, 108, 51, 46, 46, 60, 61, 61, 71, 62, 53, 51, 70, 56, 44, 42, 50, 61, 65, 42, 38, 55, 56, 48, 44, 52, 47, 54, 64, 63, 64, 64, 62, 60, 63, 43, 56, 66, 42, 48, 54, 42, 62, 64, 65, 66, 64, 66, 49, 51, 58, 57, 53, 50, 48, 58, 12, 53, 64, 52, 53, 54, 41, 8, 62, 0, 60, 26, 7, 18, 5, 46, 51, 42, 54, 54, 45, 66, 44]
[36, 7, 3, 53, 52, 71, 6, 9, 52, 16, 26, 25, 38, 56, 56, 57, 46, 33, 70, 55, 53, 35, 28, 46, 35, 51, 26, 30, 52, 52, 20, 36, 22, 52, 45, 54, 43, 65, 65, 64, 28, 49, 34, 43, 48, 51, 63, 53, 26, 45, 51, 50, 48, 9, 44, 24, 11, 3, 5, 19, 22, 39, 2, 60, 33, 56, 54, 58, 64, 20, 62, 45, 59, 0, 36, 54, 45, 54, 20, 28, 30, 38, 34, 26, 48, 26]
[29, 41, 37, 47, 31, 47, 32, 36, 83, 26, 22, 21, 40, 65, 65, 56, 45, 32, 47, 54, 44, 29, 21, 38, 36, 50, 16, 13, 43, 44, 22, 29, 32, 37, 40, 50, 44, 54, 54, 52, 41, 47, 27, 41, 50, 32, 43, 44, 16, 45, 49, 49, 49, 40, 45, 23, 27, 33, 32, 30, 32, 33, 34, 30, 32, 52, 42, 43, 44, 16, 29, 45, 26, 36, 0, 21, 13, 21, 20, 26, 23, 37, 33, 21, 50, 19]
[48, 60, 56, 64, 47, 55, 51, 55, 102, 46, 43, 42, 61, 56, 56, 76, 66, 53, 57, 74, 62, 48, 42, 55, 57, 69, 37, 34, 61, 61, 43, 48, 47, 53, 58, 69, 65, 70, 70, 67, 54, 68, 47, 60, 70, 48, 54, 60, 37, 66, 68, 70, 70, 59, 66, 44, 46, 52, 52, 48, 45, 52, 53, 9, 53, 69, 57, 59, 60, 35, 8, 66, 6, 55, 21, 0, 12, 2, 41, 47, 44, 58, 54, 42, 70, 40]
[40, 52, 47, 58, 40, 52, 43, 47, 94, 37, 35, 33, 52, 60, 60, 68, 57, 44, 52, 66, 54, 40, 33, 48, 48, 61, 28, 25, 53, 54, 34, 40, 41, 45, 51, 62, 57, 62, 62, 60, 50, 60, 39, 52, 62, 40, 48, 52, 29, 57, 60, 61, 62, 51, 58, 36, 38, 44, 43, 39, 41, 44, 44, 17, 44, 62, 50, 51, 53, 27, 17, 57, 14, 46, 12, 9, 0, 9, 32, 39, 36, 49, 45, 33, 62, 32]
[47, 60, 56, 63, 46, 54, 52, 56, 103, 46, 43, 42, 61, 58, 58, 75, 65, 53, 56, 73, 61, 47, 42, 54, 57, 68, 37, 34, 60, 60, 43, 47, 47, 52, 57, 68, 66, 68, 69, 66, 55, 67, 47, 59, 70, 47, 53, 59, 37, 65, 67, 68, 69, 59, 66, 44, 46, 52, 52, 48, 45, 51, 53, 10, 53, 68, 56, 58, 59, 36, 9, 65, 5, 55, 21, 2, 13, 0, 41, 47, 44, 57, 54, 42, 69, 41]
[17, 27, 23, 34, 31, 50, 16, 19, 72, 10, 8, 6, 25, 68, 68, 41, 30, 17, 50, 39, 33, 17, 8, 26, 21, 35, 6, 10, 32, 32, 4, 17, 33, 32, 26, 37, 30, 45, 44, 43, 41, 32, 14, 26, 35, 31, 43, 33, 6, 30, 35, 34, 34, 29, 30, 7, 10, 18, 16, 31, 34, 20, 19, 48, 17, 39, 33, 37, 43, 17, 49, 30, 46, 21, 21, 40, 32, 41, 0, 12, 10, 22, 18, 7, 35, 5]
[15, 33, 30, 28, 34, 53, 22, 22, 79, 12, 7, 6, 14, 76, 76, 30, 20, 6, 52, 28, 33, 15, 11, 27, 10, 24, 13, 15, 32, 30, 9, 15, 42, 35, 19, 27, 19, 46, 44, 44, 50, 22, 14, 16, 24, 34, 45, 33, 11, 19, 24, 23, 24, 36, 20, 5, 17, 25, 23, 39, 43, 13, 26, 55, 6, 29, 34, 38, 44, 26, 55, 19, 52, 28, 27, 47, 38, 47, 11, 0, 13, 11, 7, 8, 24, 9]
[7, 36, 33, 25, 22, 41, 25, 29, 82, 19, 9, 9, 22, 77, 77, 34, 24, 14, 41, 32, 23, 7, 3, 17, 22, 27, 11, 11, 22, 23, 12, 7, 43, 23, 17, 27, 26, 36, 35, 34, 51, 26, 4, 19, 29, 22, 34, 23, 9, 25, 26, 28, 29, 39, 29, 12, 20, 28, 26, 41, 44, 10, 29, 53, 14, 29, 24, 28, 34, 25, 49, 24, 42, 31, 24, 44, 36, 45, 11, 13, 0, 17, 15, 7, 29, 6]
[11, 44, 40, 18, 29, 47, 33, 31, 90, 23, 16, 16, 8, 87, 87, 20, 9, 5, 45, 18, 25, 11, 19, 20, 10, 14, 23, 24, 25, 21, 19, 11, 52, 28, 9, 17, 11, 38, 34, 35, 60, 11, 14, 5, 14, 28, 37, 26, 22, 9, 14, 13, 13, 46, 13, 15, 27, 36, 34, 50, 53, 7, 36, 65, 5, 19, 26, 30, 37, 37, 61, 9, 54, 39, 37, 57, 49, 58, 22, 11, 17, 0, 6, 17, 14, 18]
[11, 38, 35, 24, 31, 49, 27, 26, 84, 17, 10, 11, 11, 81, 81, 26, 15, 2, 48, 24, 29, 11, 15, 22, 10, 20, 18, 19, 28, 26, 13, 11, 47, 30, 14, 23, 16, 42, 39, 40, 55, 17, 12, 11, 20, 30, 41, 29, 16, 15, 20, 19, 19, 40, 18, 9, 21, 30, 28, 44, 48, 8, 30, 60, 2, 25, 30, 34, 40, 31, 60, 15, 54, 33, 32, 52, 43, 52, 16, 5, 15, 7, 0, 11, 20, 12]
[12, 31, 27, 29, 29, 48, 20, 23, 76, 12, 3, 2, 21, 73, 73, 37, 26, 13, 48, 35, 29, 12, 5, 23, 17, 31, 7, 9, 28, 29, 5, 12, 39, 29, 21, 32, 26, 42, 41, 40, 47, 28, 9, 22, 31, 29, 41, 29, 5, 26, 31, 30, 30, 33, 26, 5, 14, 23, 21, 36, 40, 15, 23, 50, 13, 34, 30, 34, 40, 21, 49, 26, 46, 26, 21, 41, 33, 41, 7, 7, 7, 18, 14, 0, 31, 3]
[21, 53, 51, 18, 35, 50, 44, 40, 100, 35, 29, 29, 11, 100, 100, 11, 4, 18, 48, 11, 27, 21, 30, 26, 14, 9, 36, 37, 27, 23, 32, 21, 65, 32, 14, 14, 8, 40, 34, 37, 73, 7, 24, 10, 3, 34, 41, 29, 34, 7, 10, 8, 4, 57, 9, 28, 40, 45, 45, 62, 66, 18, 46, 77, 18, 19, 31, 33, 40, 49, 72, 5, 66, 49, 50, 70, 61, 69, 34, 23, 28, 13, 18, 30, 0, 31]
[12, 32, 28, 30, 28, 47, 21, 24, 78, 14, 3, 3, 21, 73, 73, 37, 27, 13, 46, 35, 29, 12, 3, 22, 17, 31, 7, 8, 27, 28, 7, 12, 39, 28, 21, 32, 26, 41, 40, 39, 47, 29, 9, 23, 31, 28, 39, 29, 5, 26, 31, 30, 30, 34, 27, 7, 15, 24, 22, 36, 39, 15, 24, 49, 13, 34, 29, 33, 39, 21, 49, 26, 44, 27, 21, 41, 32, 41, 7, 7, 6, 18, 14, 2, 31, 0]
