北京长辛店油库
永定路加油站 [24000, 22000]
长沟加油站（新） [23000, 0]
台金加油站 [24000, 10000]
燕府通加油站 [12000, 9000]
京石路加油站（一站） [12000, 10000]
金福龙加油站 [28000, 21000]
燕广友加油站 [36000, 7000]
宛丰加油站 [10000, 10000]
西黄庄加油站 [26000, 36000]
鲁谷加油站 [56000, 34000]
台宜加油站 [20000, 16000]
北京通州永乐南加油站 [8000, 6000]
北京通州永乐北加油站 [4000, 5000]
雁翅加油站 [12000, 0]
凭祥加油站 [34000, 36000]
源泊湖加油站 [0, 22000]
航天长峰站 [21000, 22000]
军饷加油站 [12000, 0]
东风街加油站 [15000, 0]
燕鑫通加油站 [15000, 0]
北庄加油站 [51000, 0]
京石路加油站（二站） [12000, 12000]
苹铁东加油站 [36000, 7000]
昌盛宏海加油站 [10000, 12000]
田村加油站 [7000, 9000]
岳首通加油站 [35000, 22000]
西便门加油站 [30000, 44000]
军庄加油站 [14000, 0]
京福加油站 [12000, 0]
赵辛店加油站 [12000, 12000]
闫村加油站 [15000, 0]
昊良加油站 [45000, 22000]
六里桥加油站 [19000, 17000]
万特加油站 [12000, 8000]
固村加油站 [11000, 7000]
志润峰加油站 [12000, 0]
华诚加油站 [12000, 0]
双山加油站 [24000, 0]
综地加油站 [8000, 12000]
长阳加油站 [18000, 10000]
房通加油站 [12000, 10000]
超强力加油站 [10000, 10000]
京西石美泉加油站 [30000, 31000]
顺发加油站 [15000, 0]
滨河路加油站 [69000, 22000]
太平加油站 [12000, 8000]
元乾元加油站 [12000, 12000]
窦店加油站 [15000, 0]
凯旋加油站 [12000, 6000]
玉泉加油站 [10000, 6000]
丰台国兴加油站 [13000, 0]
新红加油站 [15000, 0]
坨里加油站 [9000, 6000]
友盛利达加油站 [19000, 0]
永立加油站 [20000, 14000]
安顺成加油站 [20000, 18000]
京AM7727 2 12000 0
京AM7725 2 12000 1
京AM7723 2 12000 2
京ADH900 1 6000 3
京ACA900 2 12000 4
京ADH752 1 15000 5
京AX0252 2 12000 6
京ADH755 1 15000 7
京ADH756 1 15000 8
京ACA869 2 12000 9
京AX0268 2 12000 10
京AT8088 2 12000 11
京AX0269 2 12000 12
京AT8072 2 12000 13
京ACA889 1 15000 14
京AT8071 2 12000 15
京AT8032 2 12000 16
京ACA878 1 15000 17
京ADH985 2 10000 18
京AT5872 2 12000 19
[0, 18, 38, 7, 23, 31, 13, 23, 8, 23, 17, 16, 63, 73, 54, 22, 54, 19, 72, 23, 47, 24, 23, 21, 15, 20, 10, 22, 28, 15, 3, 13, 7, 18, 13, 11, 11, 27, 28, 24, 9, 21, 13, 16, 16, 22, 15, 13, 20, 9, 26, 11, 30, 16, 24, 8, 21]
[17, 0, 54, 11, 39, 47, 6, 14, 11, 7, 5, 6, 59, 68, 48, 5, 70, 2, 66, 39, 63, 39, 39, 9, 31, 3, 10, 8, 22, 31, 15, 29, 22, 6, 5, 27, 27, 43, 44, 18, 22, 37, 6, 3, 32, 15, 31, 6, 36, 25, 20, 8, 46, 31, 40, 20, 11]
[39, 55, 0, 44, 17, 21, 50, 55, 45, 60, 55, 53, 86, 96, 86, 59, 19, 56, 104, 25, 9, 18, 22, 58, 25, 58, 46, 59, 60, 25, 40, 26, 32, 55, 50, 32, 32, 15, 14, 57, 37, 18, 50, 53, 23, 55, 26, 51, 21, 31, 59, 48, 9, 29, 24, 41, 58]
[7, 12, 43, 0, 28, 36, 7, 20, 2, 17, 11, 10, 63, 72, 51, 16, 60, 13, 68, 29, 53, 29, 28, 15, 21, 14, 4, 16, 25, 20, 5, 18, 12, 12, 7, 17, 16, 32, 33, 20, 12, 26, 7, 10, 22, 18, 21, 7, 26, 14, 23, 5, 36, 22, 30, 10, 15]
[23, 39, 15, 29, 0, 20, 34, 39, 29, 45, 39, 37, 78, 88, 71, 43, 32, 41, 88, 10, 25, 3, 13, 42, 12, 42, 31, 43, 45, 10, 24, 10, 16, 39, 35, 16, 17, 12, 5, 41, 21, 2, 34, 38, 7, 39, 10, 35, 11, 15, 43, 32, 8, 14, 20, 25, 42]
[23, 39, 21, 28, 13, 0, 34, 40, 29, 44, 38, 37, 72, 82, 72, 43, 38, 40, 89, 22, 29, 15, 4, 42, 8, 41, 30, 43, 45, 13, 24, 13, 16, 39, 34, 16, 15, 8, 17, 42, 21, 14, 34, 37, 12, 40, 13, 35, 3, 14, 44, 32, 17, 20, 11, 24, 42]
[12, 7, 48, 5, 33, 41, 0, 17, 5, 13, 8, 7, 60, 69, 51, 12, 64, 9, 69, 33, 57, 34, 33, 12, 25, 9, 7, 12, 24, 25, 9, 23, 17, 8, 4, 21, 21, 37, 38, 21, 17, 31, 1, 5, 26, 18, 25, 4, 30, 19, 23, 2, 40, 26, 34, 15, 12]
[22, 14, 53, 18, 38, 47, 18, 0, 17, 17, 10, 20, 73, 82, 34, 16, 70, 14, 52, 36, 63, 37, 39, 7, 34, 13, 15, 22, 8, 29, 21, 31, 27, 20, 19, 27, 31, 43, 43, 4, 29, 36, 18, 14, 31, 2, 32, 19, 36, 29, 6, 18, 46, 28, 43, 27, 24]
[7, 11, 44, 1, 28, 37, 6, 19, 0, 17, 10, 10, 62, 71, 50, 16, 60, 13, 68, 29, 53, 29, 29, 14, 21, 13, 3, 15, 24, 21, 5, 19, 12, 12, 7, 17, 16, 33, 34, 20, 12, 26, 6, 9, 22, 17, 21, 7, 26, 15, 22, 4, 36, 22, 30, 10, 15]
[25, 10, 61, 19, 46, 54, 14, 18, 18, 0, 13, 10, 62, 70, 51, 3, 77, 7, 69, 47, 70, 47, 46, 13, 38, 6, 18, 11, 25, 38, 22, 36, 30, 9, 12, 34, 34, 50, 51, 22, 30, 44, 14, 10, 39, 20, 38, 12, 43, 32, 23, 15, 53, 38, 47, 28, 14]
[16, 5, 52, 10, 37, 45, 8, 9, 9, 11, 0, 10, 64, 72, 43, 10, 69, 7, 61, 36, 61, 38, 37, 5, 30, 7, 8, 13, 17, 29, 13, 27, 21, 10, 9, 25, 25, 41, 42, 13, 21, 35, 8, 4, 31, 11, 30, 9, 35, 23, 16, 8, 44, 28, 38, 19, 15]
[16, 7, 53, 10, 37, 46, 5, 20, 10, 10, 10, 0, 55, 64, 54, 10, 69, 7, 71, 38, 62, 38, 37, 15, 30, 9, 11, 6, 27, 30, 14, 28, 21, 3, 3, 26, 25, 42, 42, 24, 21, 35, 5, 7, 31, 21, 30, 4, 35, 24, 26, 6, 45, 31, 39, 19, 6]
[63, 60, 85, 64, 78, 74, 59, 73, 64, 62, 63, 55, 0, 13, 107, 61, 102, 60, 124, 81, 93, 79, 72, 68, 67, 61, 65, 51, 80, 70, 63, 68, 64, 56, 58, 68, 62, 74, 82, 76, 59, 76, 59, 60, 72, 74, 70, 58, 70, 64, 79, 59, 82, 74, 62, 55, 51]
[66, 62, 89, 66, 81, 77, 61, 74, 66, 63, 65, 57, 6, 0, 108, 63, 106, 61, 126, 84, 96, 82, 76, 69, 70, 63, 67, 53, 82, 74, 66, 71, 67, 57, 59, 72, 66, 77, 85, 78, 62, 79, 61, 61, 75, 75, 73, 60, 73, 68, 80, 62, 86, 77, 66, 58, 53]
[54, 47, 85, 50, 70, 79, 51, 35, 49, 50, 43, 53, 106, 115, 0, 49, 102, 48, 18, 66, 94, 69, 71, 40, 66, 46, 47, 55, 28, 61, 53, 62, 59, 53, 52, 59, 63, 75, 75, 33, 61, 68, 51, 47, 63, 33, 64, 52, 68, 61, 28, 51, 77, 60, 75, 59, 58]
[23, 8, 60, 17, 44, 53, 12, 16, 17, 2, 12, 9, 61, 70, 50, 0, 76, 5, 68, 45, 69, 45, 45, 12, 37, 5, 16, 10, 23, 37, 21, 35, 28, 8, 11, 33, 32, 49, 49, 20, 28, 42, 12, 9, 38, 19, 37, 11, 42, 31, 22, 14, 52, 37, 46, 26, 13]
[55, 71, 19, 61, 33, 37, 66, 71, 61, 77, 71, 69, 102, 112, 103, 75, 0, 72, 119, 42, 10, 34, 38, 74, 41, 74, 63, 75, 76, 42, 56, 42, 48, 71, 66, 48, 48, 31, 30, 73, 53, 34, 66, 70, 39, 71, 42, 67, 37, 47, 75, 64, 25, 46, 40, 57, 74]
[19, 3, 55, 13, 40, 48, 7, 14, 12, 6, 7, 8, 60, 69, 48, 4, 71, 0, 65, 40, 64, 41, 40, 8, 32, 2, 12, 9, 21, 32, 16, 30, 24, 7, 7, 28, 28, 44, 45, 18, 24, 38, 7, 4, 33, 16, 32, 7, 37, 26, 20, 9, 47, 32, 41, 21, 12]
[72, 65, 103, 68, 88, 97, 69, 53, 67, 67, 61, 71, 124, 133, 18, 67, 119, 65, 0, 84, 112, 87, 89, 58, 84, 64, 64, 73, 46, 79, 70, 80, 77, 71, 70, 76, 81, 93, 93, 50, 79, 86, 69, 65, 80, 51, 81, 70, 86, 79, 45, 69, 95, 77, 93, 77, 75]
[23, 39, 25, 30, 10, 29, 35, 37, 30, 46, 37, 38, 81, 91, 67, 44, 41, 42, 84, 0, 34, 8, 22, 40, 19, 42, 29, 44, 43, 13, 25, 15, 21, 40, 36, 17, 21, 21, 15, 39, 25, 9, 35, 38, 11, 37, 15, 36, 20, 20, 41, 33, 17, 10, 29, 26, 43]
[47, 63, 10, 53, 25, 27, 58, 63, 53, 69, 63, 61, 93, 103, 95, 67, 10, 65, 112, 34, 0, 26, 29, 66, 33, 66, 55, 67, 69, 34, 48, 34, 40, 63, 59, 40, 40, 21, 22, 65, 45, 26, 58, 62, 31, 63, 34, 59, 28, 39, 67, 56, 17, 38, 31, 49, 66]
[25, 41, 18, 30, 3, 23, 36, 39, 31, 46, 39, 39, 80, 90, 71, 45, 35, 42, 89, 8, 27, 0, 16, 43, 14, 43, 31, 45, 45, 11, 25, 12, 18, 41, 36, 17, 18, 15, 8, 41, 23, 4, 36, 39, 9, 39, 12, 36, 13, 17, 43, 34, 10, 14, 22, 26, 44]
[31, 47, 19, 36, 20, 8, 42, 48, 37, 52, 46, 45, 74, 84, 80, 51, 36, 48, 97, 29, 27, 22, 0, 50, 16, 49, 38, 51, 53, 21, 32, 21, 24, 47, 42, 24, 23, 8, 21, 50, 29, 20, 42, 45, 20, 48, 21, 42, 11, 22, 52, 40, 20, 28, 12, 32, 50]
[21, 10, 57, 15, 42, 51, 14, 6, 14, 13, 7, 17, 69, 78, 40, 12, 74, 11, 57, 40, 66, 41, 43, 0, 35, 9, 14, 18, 13, 33, 19, 33, 26, 16, 15, 30, 30, 47, 47, 10, 26, 40, 14, 10, 35, 8, 35, 16, 40, 29, 12, 15, 49, 31, 44, 24, 21]
[15, 31, 24, 21, 12, 16, 26, 34, 22, 37, 31, 29, 67, 77, 66, 36, 40, 33, 84, 19, 33, 14, 8, 34, 0, 34, 23, 35, 40, 7, 16, 5, 9, 32, 27, 10, 7, 12, 16, 36, 13, 11, 26, 30, 8, 34, 7, 27, 5, 6, 38, 24, 16, 14, 11, 17, 34]
[20, 4, 56, 14, 41, 49, 9, 13, 13, 5, 8, 9, 61, 70, 47, 4, 73, 3, 64, 42, 65, 42, 41, 8, 33, 0, 13, 10, 20, 33, 17, 31, 25, 9, 8, 29, 29, 45, 46, 17, 25, 39, 9, 5, 34, 15, 33, 9, 38, 27, 19, 11, 48, 33, 42, 23, 13]
[10, 10, 46, 4, 30, 38, 7, 17, 3, 17, 9, 11, 65, 73, 48, 15, 62, 12, 65, 29, 55, 30, 30, 13, 23, 13, 0, 16, 22, 22, 8, 21, 15, 12, 9, 18, 19, 34, 35, 17, 15, 28, 7, 9, 24, 14, 23, 9, 28, 17, 20, 7, 38, 21, 32, 13, 17]
[21, 9, 58, 15, 42, 51, 10, 22, 15, 11, 13, 6, 51, 60, 56, 11, 74, 9, 73, 43, 67, 43, 43, 17, 35, 10, 16, 0, 29, 35, 19, 33, 26, 5, 9, 31, 31, 47, 48, 26, 25, 41, 10, 9, 36, 23, 35, 9, 40, 29, 28, 12, 50, 36, 44, 21, 3]
[28, 21, 59, 24, 44, 53, 25, 9, 23, 23, 17, 27, 80, 89, 28, 23, 76, 21, 46, 42, 68, 43, 45, 14, 40, 20, 21, 29, 0, 35, 27, 36, 33, 27, 26, 33, 37, 49, 49, 8, 35, 42, 25, 21, 37, 8, 38, 26, 42, 35, 6, 25, 51, 33, 49, 33, 32]
[15, 31, 25, 21, 10, 22, 26, 31, 21, 37, 31, 29, 70, 80, 62, 35, 41, 33, 80, 13, 34, 10, 14, 34, 7, 34, 23, 35, 36, 0, 16, 3, 9, 31, 27, 7, 9, 17, 15, 32, 13, 8, 26, 30, 2, 30, 3, 27, 11, 7, 34, 24, 17, 7, 18, 17, 34]
[3, 15, 39, 5, 24, 32, 10, 21, 6, 21, 15, 13, 63, 73, 53, 20, 55, 17, 71, 25, 48, 25, 24, 18, 16, 18, 8, 19, 27, 16, 0, 14, 8, 16, 11, 13, 12, 28, 29, 23, 9, 22, 10, 14, 17, 21, 16, 11, 21, 10, 25, 8, 31, 18, 25, 7, 19]
[13, 30, 25, 19, 10, 21, 24, 29, 20, 35, 29, 28, 69, 79, 61, 34, 42, 31, 78, 15, 35, 11, 13, 32, 5, 32, 21, 33, 35, 3, 14, 0, 7, 30, 25, 6, 7, 17, 15, 31, 12, 8, 24, 28, 4, 29, 3, 25, 10, 6, 33, 23, 18, 9, 17, 15, 33]
[7, 23, 32, 12, 17, 25, 18, 28, 13, 28, 22, 21, 64, 74, 60, 27, 48, 24, 77, 21, 41, 18, 17, 26, 9, 25, 15, 27, 33, 9, 8, 7, 0, 23, 18, 6, 5, 20, 22, 30, 5, 15, 18, 21, 10, 28, 9, 18, 14, 3, 32, 16, 24, 13, 18, 8, 26]
[17, 8, 54, 11, 39, 47, 6, 21, 11, 11, 11, 2, 54, 63, 55, 10, 70, 8, 72, 39, 63, 40, 39, 16, 31, 10, 12, 5, 28, 31, 15, 29, 23, 0, 5, 27, 27, 43, 44, 25, 22, 37, 6, 8, 32, 22, 31, 5, 36, 25, 27, 8, 46, 32, 40, 20, 5]
[14, 6, 50, 8, 35, 43, 3, 18, 7, 11, 9, 3, 56, 65, 52, 9, 66, 7, 70, 35, 59, 36, 35, 14, 27, 8, 9, 9, 26, 27, 11, 25, 19, 5, 0, 23, 23, 39, 40, 22, 19, 33, 3, 5, 28, 19, 27, 1, 32, 21, 24, 3, 42, 28, 36, 16, 9]
[10, 26, 31, 16, 16, 24, 21, 27, 17, 32, 26, 24, 67, 77, 59, 31, 47, 28, 77, 17, 40, 17, 16, 29, 8, 29, 17, 30, 33, 8, 11, 6, 4, 26, 22, 0, 6, 20, 21, 29, 8, 14, 21, 25, 9, 27, 8, 22, 13, 4, 31, 19, 23, 10, 18, 12, 29]
[11, 27, 31, 16, 16, 23, 22, 31, 17, 32, 26, 25, 62, 72, 62, 31, 47, 28, 80, 20, 40, 17, 15, 30, 7, 29, 19, 31, 36, 8, 12, 6, 4, 27, 22, 7, 0, 19, 21, 33, 7, 14, 22, 25, 9, 31, 8, 22, 12, 2, 35, 20, 23, 15, 14, 11, 30]
[26, 43, 14, 32, 12, 8, 37, 44, 33, 48, 42, 41, 74, 84, 75, 47, 31, 44, 93, 21, 21, 14, 8, 46, 12, 45, 34, 46, 49, 17, 27, 17, 20, 43, 38, 20, 19, 0, 14, 45, 25, 13, 37, 41, 14, 43, 16, 38, 7, 17, 47, 35, 14, 23, 12, 28, 46]
[26, 42, 15, 31, 3, 20, 37, 42, 32, 47, 41, 40, 79, 89, 73, 46, 32, 43, 91, 12, 24, 5, 14, 45, 13, 44, 33, 46, 47, 12, 26, 13, 19, 42, 37, 18, 19, 14, 0, 43, 24, 5, 37, 40, 10, 41, 13, 37, 12, 18, 45, 35, 7, 16, 21, 27, 45]
[24, 18, 56, 20, 41, 50, 22, 6, 20, 21, 14, 24, 77, 86, 33, 20, 72, 19, 51, 39, 65, 40, 42, 11, 37, 17, 17, 26, 8, 32, 23, 33, 30, 24, 23, 29, 34, 46, 46, 0, 32, 39, 22, 18, 33, 4, 34, 23, 39, 31, 5, 22, 48, 30, 46, 30, 29]
[8, 22, 36, 12, 21, 29, 17, 30, 13, 28, 22, 21, 59, 70, 62, 27, 53, 24, 80, 25, 46, 22, 21, 26, 13, 25, 15, 26, 36, 13, 9, 11, 5, 23, 18, 10, 7, 25, 26, 32, 0, 19, 17, 21, 15, 29, 14, 18, 18, 7, 34, 15, 29, 18, 21, 4, 23]
[21, 37, 17, 27, 2, 21, 32, 37, 28, 43, 37, 36, 76, 86, 69, 42, 34, 39, 87, 10, 26, 3, 14, 41, 12, 40, 29, 41, 43, 8, 22, 9, 15, 38, 33, 14, 15, 13, 7, 39, 20, 0, 32, 36, 6, 37, 8, 33, 12, 14, 41, 30, 9, 12, 21, 23, 41]
[12, 7, 48, 5, 33, 41, 1, 17, 5, 13, 8, 7, 60, 69, 51, 12, 64, 9, 69, 33, 57, 34, 33, 12, 25, 9, 7, 12, 24, 25, 9, 23, 17, 8, 4, 21, 21, 37, 38, 21, 17, 31, 0, 5, 26, 18, 25, 4, 30, 19, 23, 2, 40, 26, 34, 15, 12]
[16, 3, 52, 10, 37, 45, 6, 14, 9, 10, 4, 8, 62, 70, 48, 9, 69, 5, 65, 37, 61, 38, 37, 9, 30, 6, 8, 11, 21, 29, 13, 27, 21, 8, 7, 25, 25, 41, 42, 17, 21, 35, 6, 0, 31, 15, 30, 8, 34, 23, 20, 7, 44, 29, 38, 19, 13]
[16, 33, 22, 22, 7, 20, 27, 32, 23, 38, 32, 31, 71, 82, 64, 37, 39, 34, 81, 11, 32, 8, 12, 35, 8, 35, 24, 36, 38, 2, 17, 4, 10, 33, 28, 9, 10, 15, 12, 34, 15, 5, 27, 31, 0, 32, 4, 28, 9, 9, 36, 26, 15, 9, 19, 18, 36]
[22, 14, 54, 17, 38, 47, 18, 3, 16, 19, 10, 21, 74, 82, 34, 18, 70, 16, 52, 36, 63, 38, 39, 9, 34, 15, 14, 22, 9, 30, 21, 31, 28, 21, 19, 27, 31, 43, 43, 4, 28, 36, 18, 14, 31, 0, 32, 19, 37, 29, 6, 18, 46, 28, 43, 26, 25]
[17, 33, 23, 22, 8, 21, 28, 33, 23, 38, 32, 31, 72, 82, 64, 37, 40, 34, 82, 13, 32, 9, 13, 36, 8, 35, 24, 37, 38, 3, 18, 4, 10, 33, 28, 10, 10, 15, 13, 35, 15, 6, 28, 31, 2, 33, 0, 28, 9, 9, 37, 26, 15, 10, 18, 18, 36]
[13, 5, 50, 7, 35, 43, 2, 17, 7, 10, 8, 4, 57, 66, 51, 9, 66, 6, 69, 35, 59, 36, 35, 12, 27, 7, 8, 10, 25, 27, 11, 25, 18, 6, 1, 23, 23, 39, 40, 21, 18, 33, 2, 4, 28, 18, 27, 0, 32, 21, 23, 4, 42, 28, 36, 16, 9]
[20, 36, 20, 25, 11, 12, 31, 37, 26, 41, 35, 34, 70, 80, 69, 40, 37, 37, 86, 20, 28, 13, 3, 39, 5, 38, 27, 40, 42, 10, 21, 10, 13, 36, 31, 13, 12, 7, 15, 39, 18, 12, 31, 34, 9, 37, 10, 32, 0, 11, 41, 29, 15, 17, 10, 21, 39]
[9, 25, 30, 15, 15, 23, 20, 29, 15, 31, 25, 23, 64, 74, 61, 29, 47, 27, 78, 19, 39, 16, 14, 28, 6, 28, 18, 29, 35, 7, 10, 5, 2, 25, 21, 6, 3, 18, 20, 31, 7, 13, 20, 24, 9, 29, 8, 21, 11, 0, 33, 18, 22, 13, 15, 11, 28]
[26, 20, 58, 22, 43, 52, 23, 7, 21, 22, 15, 26, 79, 87, 28, 22, 74, 20, 46, 41, 67, 42, 44, 13, 39, 19, 19, 28, 6, 34, 25, 35, 32, 26, 24, 31, 36, 48, 48, 5, 34, 41, 23, 20, 35, 6, 36, 25, 41, 33, 0, 24, 50, 32, 48, 32, 30]
[11, 8, 48, 5, 32, 41, 3, 18, 5, 14, 8, 6, 59, 68, 52, 12, 64, 9, 69, 33, 57, 33, 33, 13, 25, 11, 7, 12, 25, 25, 9, 23, 16, 8, 3, 21, 20, 37, 38, 21, 16, 31, 3, 7, 26, 19, 25, 4, 30, 19, 24, 0, 40, 26, 34, 14, 11]
[30, 46, 8, 35, 8, 21, 41, 46, 36, 52, 46, 44, 82, 92, 78, 50, 25, 47, 95, 17, 17, 9, 17, 49, 16, 49, 37, 50, 51, 17, 31, 17, 23, 46, 41, 23, 23, 14, 5, 48, 28, 9, 41, 45, 14, 46, 17, 42, 15, 22, 50, 39, 0, 21, 24, 32, 49]
[16, 31, 29, 22, 14, 29, 27, 28, 23, 37, 28, 31, 74, 84, 60, 36, 45, 33, 77, 10, 38, 12, 21, 31, 14, 33, 21, 36, 34, 7, 18, 9, 13, 32, 28, 10, 15, 23, 19, 30, 18, 12, 27, 29, 9, 28, 10, 28, 18, 13, 32, 25, 21, 0, 25, 19, 36]
[24, 40, 23, 30, 20, 12, 35, 44, 31, 46, 40, 38, 62, 72, 75, 45, 40, 42, 93, 29, 31, 22, 12, 43, 12, 43, 32, 44, 49, 18, 25, 17, 18, 40, 36, 20, 15, 12, 24, 45, 20, 20, 35, 39, 19, 43, 17, 36, 10, 15, 47, 33, 24, 25, 0, 24, 43]
[8, 20, 40, 10, 25, 33, 15, 29, 11, 26, 20, 18, 55, 66, 60, 25, 56, 22, 77, 26, 49, 26, 25, 24, 17, 23, 13, 22, 34, 17, 8, 15, 8, 20, 15, 13, 10, 29, 30, 29, 4, 23, 15, 18, 18, 27, 17, 16, 22, 11, 32, 13, 32, 19, 23, 0, 19]
[21, 12, 57, 15, 42, 50, 10, 25, 14, 14, 16, 7, 50, 59, 59, 14, 73, 12, 77, 42, 66, 43, 42, 20, 34, 14, 16, 4, 32, 34, 18, 32, 26, 8, 8, 30, 29, 46, 47, 29, 23, 40, 10, 12, 35, 26, 34, 9, 39, 28, 31, 11, 49, 35, 42, 19, 0]
