北京住海油库
京密路加油站 [26000, 0]
桥头加油站 [26000, 0]
华京顺加油站 [11000, 11000]
朝阳惠龙腾加油站 [0, 10000]
燕顺京加油站 [10000, 0]
青山加油站 [12000, 0]
顺义亚源加油站（控股） [24000, 22000]
滨河加油站 [25000, 0]
云北撬装站 [8000, 0]
住海加油站 [0, 12000]
北顺利加油站 [11000, 0]
李桥东站 [13000, 0]
北方（鑫溪凯旋）加油站 [35000, 26000]
燕谷加油站 [13000, 0]
朝阳华运达加油站 [8000, 0]
中原创业加油站 [54000, 8000]
火垡东加油站 [8000, 0]
北火垡西站 [8000, 5000]
聚顺通加油站 [12000, 0]
朝阳实润加油站 [10000, 0]
朝阳平安东辰加油站 [24000, 12000]
朝阳北苑路加油站 [0, 22000]
九棵树加油站 [32000, 0]
住海三利加油站 [0, 11000]
北苑加油站 [7000, 0]
八里桥加油站 [12000, 9000]
运河加油站 [11000, 8000]
前渠河加油站 [11000, 11000]
润北加油站 [22000, 0]
海洪加油站 [11000, 11000]
下屯加油站 [11000, 0]
朝阳永顺发加油站 [0, 8000]
古北口加油站 [11000, 0]
信富加油站 [36000, 0]
东方旺加油站 [12000, 0]
九渡河加油站 [12000, 0]
东环加油站 [36000, 12000]
顺规加油站 [11000, 0]
朝阳中旅望京加油站 [9000, 12000]
三联加油站 [12000, 0]
朝阳汇杰鑫加油站 [12000, 0]
朝阳青年路加油站 [18000, 0]
顺锦加油站 [24000, 12000]
滨阳加油站 [36000, 12000]
国平加油站 [12000, 0]
城西加油站 [26000, 0]
海达加油站 [0, 13000]
兆畅加油站 [0, 13000]
京AT2068 2 13000 0
京ABY150 2 11000 1
京AFE753 2 12000 2
京AT2076 2 13000 3
京ADU176 2 8000 4
京ABA852 2 12000 5
京ACW557 2 12000 6
京ABY190 2 11000 7
京ABA981 2 12000 8
京AFF572 2 12000 9
京ABY027 1 12000 10
京ABB019 2 12000 11
京AT1083 2 13000 12
[0, 49, 47, 11, 17, 18, 29, 18, 47, 53, 1, 10, 10, 50, 51, 22, 19, 31, 29, 5, 20, 11, 22, 18, 20, 20, 18, 19, 20, 20, 15, 40, 23, 102, 38, 34, 57, 36, 11, 18, 28, 13, 23, 16, 49, 30, 48, 50, 40]
[49, 0, 2, 40, 55, 52, 40, 33, 46, 5, 49, 40, 50, 3, 47, 67, 58, 77, 74, 44, 63, 53, 65, 64, 56, 60, 65, 65, 44, 34, 39, 11, 65, 54, 22, 21, 50, 21, 39, 61, 35, 58, 68, 36, 1, 32, 46, 45, 40]
[47, 3, 0, 38, 53, 49, 38, 30, 48, 7, 47, 38, 48, 3, 49, 65, 56, 74, 73, 42, 61, 50, 63, 62, 54, 58, 62, 63, 42, 33, 36, 9, 63, 56, 19, 18, 48, 19, 36, 59, 34, 56, 65, 34, 3, 31, 47, 47, 39]
[12, 40, 38, 0, 18, 14, 29, 9, 43, 44, 12, 7, 20, 41, 46, 31, 29, 41, 40, 11, 26, 15, 28, 29, 31, 23, 29, 30, 11, 18, 4, 32, 28, 94, 29, 24, 46, 27, 2, 24, 26, 22, 31, 5, 40, 23, 43, 45, 35]
[17, 55, 53, 19, 0, 4, 45, 25, 61, 59, 17, 24, 22, 56, 64, 21, 33, 39, 41, 21, 14, 8, 11, 31, 35, 6, 27, 32, 15, 35, 18, 47, 11, 109, 42, 38, 48, 40, 19, 8, 43, 16, 19, 20, 55, 40, 60, 62, 52]
[18, 51, 49, 15, 4, 0, 42, 21, 57, 55, 18, 20, 25, 52, 60, 24, 35, 43, 45, 21, 17, 10, 14, 33, 36, 9, 30, 34, 11, 31, 14, 43, 13, 105, 38, 34, 46, 36, 16, 11, 39, 19, 23, 16, 51, 37, 57, 58, 48]
[29, 39, 38, 28, 45, 42, 0, 29, 21, 43, 29, 23, 28, 40, 23, 47, 33, 52, 49, 25, 48, 39, 51, 42, 30, 48, 43, 42, 37, 11, 30, 30, 51, 89, 45, 42, 68, 44, 28, 46, 5, 39, 49, 31, 39, 10, 20, 22, 12]
[17, 33, 31, 8, 25, 21, 28, 0, 41, 37, 17, 8, 21, 33, 43, 35, 30, 44, 43, 12, 32, 22, 35, 32, 31, 30, 32, 33, 13, 17, 7, 24, 34, 86, 23, 19, 43, 21, 6, 30, 24, 26, 36, 6, 33, 21, 40, 41, 32]
[47, 47, 48, 43, 61, 57, 21, 41, 0, 48, 47, 42, 46, 47, 5, 65, 50, 69, 66, 44, 67, 57, 70, 60, 47, 66, 60, 59, 51, 31, 44, 40, 69, 76, 56, 53, 80, 55, 42, 65, 24, 57, 67, 44, 47, 21, 2, 4, 13]
[53, 6, 6, 44, 59, 55, 43, 36, 49, 0, 53, 44, 54, 4, 50, 71, 61, 80, 78, 47, 66, 56, 69, 68, 59, 64, 68, 69, 47, 38, 42, 14, 69, 56, 25, 24, 53, 24, 42, 64, 39, 62, 71, 40, 6, 36, 49, 48, 44]
[1, 49, 47, 11, 17, 18, 29, 18, 47, 53, 0, 10, 10, 50, 51, 22, 19, 31, 29, 5, 20, 11, 22, 18, 20, 20, 18, 19, 20, 20, 15, 40, 23, 102, 38, 34, 57, 36, 11, 18, 28, 13, 23, 16, 49, 30, 48, 50, 40]
[10, 41, 38, 6, 24, 20, 24, 9, 43, 45, 10, 0, 14, 41, 45, 29, 24, 38, 37, 5, 29, 20, 32, 25, 25, 28, 26, 26, 16, 13, 9, 31, 32, 94, 31, 27, 51, 29, 6, 27, 22, 20, 30, 10, 41, 22, 42, 44, 34]
[12, 46, 44, 9, 27, 24, 30, 15, 49, 50, 12, 8, 0, 47, 52, 30, 27, 41, 39, 8, 30, 21, 33, 28, 28, 31, 28, 29, 18, 20, 13, 38, 33, 100, 36, 31, 55, 34, 9, 29, 28, 21, 32, 14, 46, 29, 49, 50, 40]
[50, 3, 3, 41, 56, 52, 40, 33, 47, 4, 50, 41, 51, 0, 48, 68, 58, 77, 75, 45, 64, 53, 66, 65, 56, 61, 65, 66, 45, 35, 39, 11, 66, 54, 22, 21, 50, 21, 39, 61, 36, 59, 68, 37, 3, 33, 47, 46, 41]
[51, 47, 49, 46, 63, 60, 23, 43, 5, 49, 51, 45, 50, 48, 0, 68, 52, 72, 69, 48, 70, 61, 73, 62, 49, 68, 63, 61, 54, 34, 47, 41, 73, 75, 58, 54, 82, 56, 45, 69, 27, 61, 71, 47, 47, 24, 4, 3, 15]
[20, 66, 64, 28, 20, 24, 46, 35, 65, 70, 20, 27, 23, 67, 68, 0, 19, 23, 24, 23, 9, 16, 17, 13, 21, 19, 9, 15, 31, 38, 31, 57, 18, 120, 55, 51, 67, 54, 28, 13, 46, 8, 3, 32, 66, 48, 66, 67, 58]
[18, 57, 56, 27, 33, 34, 33, 31, 50, 61, 18, 23, 18, 58, 52, 18, 0, 21, 18, 19, 27, 26, 34, 11, 3, 34, 12, 10, 36, 25, 31, 48, 35, 110, 53, 49, 73, 51, 27, 29, 33, 19, 20, 32, 57, 35, 51, 52, 45]
[30, 74, 73, 39, 41, 45, 49, 45, 66, 78, 30, 37, 31, 75, 69, 24, 18, 0, 17, 33, 32, 37, 39, 13, 20, 40, 17, 14, 49, 42, 43, 65, 40, 127, 66, 62, 85, 64, 39, 36, 50, 28, 26, 44, 74, 52, 68, 68, 61]
[29, 76, 74, 39, 38, 42, 52, 44, 69, 80, 29, 36, 32, 76, 72, 21, 21, 3, 0, 32, 27, 33, 35, 12, 23, 37, 14, 14, 47, 45, 42, 67, 36, 129, 66, 62, 85, 64, 39, 33, 53, 24, 22, 44, 76, 55, 71, 71, 64]
[5, 44, 42, 10, 21, 22, 25, 13, 45, 48, 5, 5, 9, 45, 48, 25, 19, 33, 32, 0, 25, 16, 27, 20, 20, 25, 21, 21, 20, 17, 14, 35, 28, 98, 35, 30, 55, 33, 10, 23, 24, 16, 26, 15, 44, 26, 45, 47, 37]
[19, 62, 60, 26, 13, 17, 47, 32, 66, 66, 19, 28, 24, 63, 69, 9, 27, 28, 31, 24, 0, 11, 8, 21, 28, 11, 17, 23, 25, 39, 26, 54, 10, 116, 51, 46, 59, 49, 27, 6, 46, 9, 8, 27, 62, 48, 67, 68, 59]
[11, 52, 50, 16, 8, 10, 39, 22, 58, 56, 11, 19, 16, 52, 61, 17, 27, 34, 35, 16, 11, 0, 14, 25, 28, 11, 21, 26, 15, 30, 15, 44, 13, 106, 40, 36, 53, 39, 16, 9, 38, 9, 16, 17, 52, 37, 57, 59, 49]
[23, 66, 64, 30, 13, 15, 51, 36, 70, 70, 23, 32, 29, 66, 74, 18, 36, 36, 39, 28, 10, 15, 0, 30, 37, 7, 26, 31, 26, 43, 29, 58, 3, 120, 53, 49, 52, 51, 30, 6, 50, 16, 16, 31, 66, 51, 71, 73, 63]
[18, 64, 62, 27, 31, 33, 42, 32, 59, 68, 18, 25, 20, 64, 62, 12, 11, 13, 12, 20, 21, 24, 29, 0, 13, 29, 4, 2, 37, 33, 31, 55, 30, 117, 54, 50, 73, 53, 27, 25, 41, 15, 14, 32, 64, 44, 61, 61, 53]
[20, 55, 54, 29, 35, 36, 30, 32, 47, 59, 20, 25, 20, 56, 50, 20, 3, 23, 20, 20, 29, 28, 36, 13, 0, 36, 14, 12, 38, 23, 33, 46, 38, 108, 54, 49, 74, 52, 29, 32, 30, 21, 22, 34, 55, 32, 48, 49, 42]
[19, 60, 58, 25, 7, 9, 48, 30, 66, 64, 19, 28, 25, 61, 69, 19, 34, 37, 39, 24, 11, 10, 6, 29, 36, 0, 25, 31, 20, 39, 24, 53, 5, 114, 48, 43, 49, 46, 25, 6, 47, 16, 18, 25, 60, 46, 66, 68, 57]
[18, 64, 62, 28, 27, 30, 42, 33, 60, 68, 18, 25, 20, 65, 63, 8, 12, 15, 16, 21, 18, 21, 25, 4, 14, 26, 0, 6, 34, 34, 31, 55, 26, 118, 55, 50, 72, 53, 28, 21, 42, 12, 10, 32, 64, 44, 62, 62, 54]
[18, 64, 62, 27, 31, 33, 42, 32, 60, 68, 18, 25, 20, 64, 62, 12, 11, 14, 14, 20, 21, 25, 29, 1, 13, 30, 4, 0, 37, 33, 31, 55, 30, 117, 54, 50, 73, 53, 27, 25, 41, 16, 14, 32, 64, 44, 61, 61, 53]
[20, 43, 41, 12, 15, 11, 36, 13, 51, 47, 20, 16, 27, 44, 54, 31, 37, 48, 49, 20, 26, 15, 25, 37, 38, 20, 34, 38, 0, 26, 7, 36, 24, 97, 29, 25, 39, 27, 10, 22, 33, 23, 31, 8, 43, 30, 50, 52, 42]
[20, 34, 33, 17, 35, 31, 11, 18, 31, 38, 20, 13, 19, 34, 34, 39, 25, 44, 42, 16, 39, 30, 42, 33, 23, 40, 34, 34, 26, 0, 19, 25, 42, 87, 39, 36, 60, 38, 17, 38, 9, 30, 41, 21, 34, 11, 31, 33, 23]
[15, 38, 36, 5, 18, 14, 30, 8, 44, 42, 15, 9, 22, 39, 47, 31, 31, 44, 43, 13, 26, 15, 28, 31, 33, 23, 31, 32, 7, 20, 0, 30, 28, 92, 27, 22, 43, 25, 4, 24, 27, 23, 30, 3, 38, 24, 44, 46, 36]
[40, 11, 9, 32, 47, 44, 30, 24, 40, 15, 40, 31, 41, 11, 41, 59, 48, 67, 65, 35, 55, 44, 57, 55, 46, 52, 56, 56, 36, 25, 30, 0, 57, 64, 19, 19, 46, 18, 30, 53, 25, 50, 60, 28, 11, 22, 39, 39, 31]
[22, 64, 62, 28, 10, 13, 51, 34, 69, 68, 22, 31, 28, 64, 72, 18, 35, 37, 40, 27, 10, 13, 2, 30, 37, 5, 26, 32, 24, 42, 27, 56, 0, 117, 51, 46, 50, 49, 28, 5, 50, 16, 17, 29, 64, 49, 69, 71, 61]
[103, 54, 56, 94, 109, 106, 88, 86, 76, 55, 103, 94, 103, 55, 74, 121, 110, 130, 127, 97, 117, 106, 119, 118, 108, 114, 118, 119, 97, 87, 92, 64, 119, 0, 75, 74, 103, 74, 92, 114, 88, 112, 121, 90, 54, 85, 74, 73, 80]
[38, 22, 20, 29, 41, 37, 45, 23, 56, 26, 38, 30, 43, 22, 57, 56, 53, 67, 66, 34, 51, 40, 51, 54, 54, 46, 55, 55, 29, 39, 27, 19, 50, 76, 0, 5, 31, 3, 27, 48, 40, 47, 56, 24, 22, 37, 55, 55, 47]
[34, 21, 19, 24, 36, 33, 42, 18, 53, 25, 34, 26, 39, 21, 54, 52, 49, 63, 62, 30, 47, 36, 46, 50, 49, 41, 50, 51, 25, 36, 22, 19, 46, 74, 5, 0, 30, 3, 23, 44, 37, 43, 51, 20, 21, 34, 52, 52, 44]
[57, 50, 48, 48, 48, 46, 68, 43, 80, 54, 57, 50, 63, 51, 81, 68, 73, 85, 85, 54, 60, 53, 51, 73, 74, 50, 72, 74, 39, 60, 43, 46, 51, 104, 32, 30, 0, 30, 46, 55, 64, 60, 66, 42, 50, 61, 79, 79, 71]
[36, 21, 19, 26, 38, 35, 43, 20, 54, 25, 36, 28, 41, 22, 55, 54, 51, 65, 64, 32, 49, 38, 48, 52, 51, 43, 52, 53, 27, 38, 24, 20, 48, 75, 3, 2, 30, 0, 25, 46, 39, 45, 53, 22, 21, 36, 54, 53, 45]
[11, 39, 37, 2, 19, 15, 28, 7, 42, 43, 11, 6, 19, 39, 45, 29, 28, 40, 39, 10, 27, 16, 29, 27, 29, 24, 28, 28, 10, 17, 4, 30, 29, 92, 27, 23, 46, 26, 0, 25, 25, 20, 31, 5, 39, 21, 41, 43, 33]
[17, 60, 58, 25, 8, 11, 46, 30, 65, 64, 17, 26, 23, 61, 68, 14, 30, 33, 35, 22, 7, 9, 5, 25, 32, 6, 21, 27, 22, 37, 24, 53, 5, 114, 49, 45, 55, 47, 25, 0, 45, 11, 12, 25, 60, 46, 66, 67, 57]
[28, 35, 33, 26, 43, 40, 5, 24, 24, 39, 28, 21, 27, 35, 27, 47, 33, 52, 49, 24, 47, 38, 50, 41, 30, 48, 42, 42, 33, 9, 27, 25, 50, 88, 41, 37, 64, 39, 24, 46, 0, 38, 49, 28, 35, 5, 23, 25, 15]
[12, 58, 56, 20, 16, 19, 38, 27, 57, 62, 12, 19, 15, 59, 60, 9, 20, 25, 26, 15, 10, 9, 15, 15, 22, 17, 11, 17, 23, 30, 23, 49, 16, 112, 47, 43, 60, 45, 20, 11, 37, 0, 10, 25, 58, 40, 58, 59, 50]
[23, 68, 66, 31, 19, 22, 49, 38, 68, 72, 23, 30, 26, 68, 71, 4, 22, 23, 25, 26, 8, 16, 15, 15, 23, 18, 11, 16, 31, 41, 31, 60, 16, 121, 56, 52, 66, 55, 31, 12, 48, 11, 0, 33, 68, 51, 69, 70, 61]
[16, 36, 34, 7, 20, 16, 32, 6, 45, 40, 16, 11, 24, 37, 47, 33, 33, 45, 44, 15, 27, 17, 29, 33, 35, 24, 33, 34, 8, 21, 3, 29, 29, 90, 25, 21, 42, 23, 6, 25, 28, 24, 32, 0, 36, 25, 44, 45, 36]
[49, 1, 2, 40, 55, 52, 40, 33, 46, 5, 49, 40, 50, 3, 47, 67, 58, 77, 74, 44, 63, 53, 65, 64, 56, 60, 65, 65, 44, 34, 39, 11, 65, 54, 22, 21, 50, 21, 39, 61, 35, 58, 68, 36, 0, 32, 46, 45, 40]
[29, 31, 30, 22, 40, 36, 9, 20, 21, 35, 29, 21, 29, 32, 24, 49, 35, 54, 52, 25, 47, 37, 50, 43, 32, 44, 44, 44, 30, 10, 23, 22, 49, 84, 37, 34, 60, 36, 21, 45, 5, 40, 50, 24, 31, 0, 21, 23, 13]
[48, 46, 48, 43, 61, 57, 21, 41, 2, 48, 48, 42, 47, 47, 3, 66, 51, 70, 67, 45, 68, 58, 70, 61, 48, 65, 61, 60, 51, 31, 44, 39, 70, 74, 56, 53, 80, 55, 42, 66, 24, 58, 68, 44, 46, 21, 0, 2, 12]
[50, 45, 47, 45, 63, 59, 23, 41, 4, 47, 50, 44, 50, 46, 3, 68, 52, 71, 69, 47, 70, 60, 72, 62, 49, 67, 63, 61, 52, 33, 46, 39, 72, 73, 55, 52, 79, 54, 44, 68, 26, 61, 71, 44, 45, 23, 3, 0, 14]
[40, 40, 39, 35, 52, 48, 12, 32, 9, 44, 40, 33, 40, 41, 12, 59, 43, 62, 60, 36, 60, 49, 62, 53, 40, 57, 54, 52, 42, 23, 36, 31, 62, 79, 47, 44, 71, 46, 33, 57, 15, 51, 61, 36, 40, 12, 9, 10, 0]
