北京沙河油库
北京通州永乐南加油站 [4000, 4000]
北京通州永乐北加油站 [5000, 4000]
航天加油站 [24000, 12000]
三元西郊加油站 [22000, 12000]
安宁庄加油站 [12000, 11000]
年福加油站 [24000, 0]
世博加油站 [36000, 12000]
京林加油站 [12000, 10000]
温百星加油站 [24000, 12000]
三元北清路加油站 [12000, 0]
三元上地加油站 [12000, 0]
实科华加油站 [24000, 0]
永丰加油站 [12000, 17000]
西关加油站 [12000, 0]
太平湖加油站 [44000, 49000]
汤顺加油站 [24000, 0]
恩祥加油站 [44000, 24000]
北安河加油站 [12000, 12000]
百善加油站 [12000, 12000]
绿岛加油站 [9000, 12000]
朝阳惠中寺加油站 [0, 10000]
北京东北太师屯南加油站 [7000, 8000]
北京东北太师屯北加油站 [5000, 3000]
百善南站加油站 [11000, 12000]
三元北沙滩加油站 [0, 12000]
海淀京铁加油站 [5000, 9000]
京航加油站 [12000, 0]
百盛加油站 [12000, 0]
沙坨加油站 [12000, 0]
燕龙加油站 [22000, 0]
苗圃加油站 [20000, 12000]
真顺加油站 [9000, 8000]
东关加油站 [18000, 0]
华昌加油站 [22000, 10000]
满井加油站 [12000, 0]
红路国加油站 [12000, 10000]
京西北砖加油站 [44000, 36000]
王府加油站 [12000, 10000]
朝阳祁家豁子加油站 [18000, 12000]
和裕丰加油站 [10000, 10000]
南邵加油站 [10000, 0]
德通加油站 [24000, 0]
京汤加油站 [33000, 12000]
昌保加油站 [12000, 0]
京西中关村加油站 [12000, 0]
昌平北方加油站 [12000, 0]
清华开拓加油站 [12000, 0]
三元东北旺加油站 [12000, 12000]
京ACG215 1 4000 0
京ACV016 2 12000 1
京AC9942 2 12000 2
京ADU225 2 12000 3
京AW0318 2 12000 4
京AQ8858 1 5000 5
京ACU980 2 12000 6
京AX1680 2 12000 7
京ADU228 2 12000 8
京ADU229 2 12000 9
京ADU226 2 12000 10
京ADU227 2 12000 11
京AX2272 4 8000 12
京ACV008 2 12000 13
[0, 76, 84, 9, 6, 11, 12, 4, 17, 13, 5, 14, 17, 11, 12, 24, 13, 11, 16, 11, 13, 13, 113, 127, 8, 17, 18, 17, 8, 19, 14, 16, 17, 14, 9, 4, 40, 13, 16, 20, 8, 12, 4, 16, 14, 20, 8, 18, 13]
[75, 0, 13, 73, 79, 66, 69, 79, 60, 85, 70, 66, 60, 73, 87, 55, 77, 85, 86, 86, 88, 77, 124, 146, 81, 59, 61, 76, 82, 78, 88, 73, 83, 89, 84, 79, 40, 66, 68, 56, 83, 86, 73, 64, 88, 62, 82, 63, 68]
[77, 6, 0, 74, 80, 67, 70, 81, 62, 87, 72, 68, 62, 75, 88, 56, 78, 87, 88, 88, 90, 78, 129, 152, 83, 60, 63, 78, 83, 79, 90, 75, 85, 91, 85, 80, 43, 67, 70, 57, 85, 88, 74, 66, 90, 63, 84, 65, 69]
[9, 73, 81, 0, 8, 7, 12, 13, 13, 14, 4, 7, 14, 5, 20, 21, 19, 19, 17, 20, 22, 19, 118, 132, 17, 15, 13, 23, 16, 25, 21, 20, 24, 23, 17, 13, 37, 10, 17, 17, 17, 21, 7, 15, 20, 13, 16, 11, 5]
[8, 81, 90, 10, 0, 16, 18, 11, 23, 9, 10, 16, 23, 11, 15, 29, 20, 14, 11, 17, 16, 20, 120, 134, 15, 23, 23, 24, 14, 26, 17, 23, 24, 17, 13, 9, 46, 18, 21, 25, 15, 17, 9, 22, 15, 22, 10, 20, 15]
[11, 66, 75, 7, 15, 0, 11, 15, 8, 20, 6, 3, 8, 8, 23, 15, 20, 21, 22, 22, 24, 20, 114, 128, 19, 8, 9, 22, 18, 24, 24, 20, 25, 25, 20, 15, 31, 4, 15, 11, 19, 23, 9, 11, 25, 9, 19, 7, 3]
[12, 69, 78, 12, 16, 10, 0, 12, 15, 23, 8, 13, 15, 15, 24, 22, 13, 22, 26, 18, 23, 13, 107, 121, 13, 16, 16, 13, 13, 14, 26, 10, 19, 23, 21, 16, 33, 9, 5, 18, 17, 19, 10, 4, 26, 19, 20, 17, 13]
[6, 80, 89, 13, 10, 16, 12, 0, 22, 18, 10, 19, 22, 16, 13, 29, 9, 10, 20, 8, 12, 9, 109, 123, 4, 22, 23, 13, 4, 15, 15, 12, 13, 11, 10, 5, 45, 18, 14, 25, 5, 9, 9, 16, 15, 25, 9, 22, 18]
[18, 62, 70, 13, 20, 8, 18, 22, 0, 25, 13, 7, 2, 14, 30, 9, 26, 28, 27, 29, 31, 26, 117, 131, 26, 4, 2, 28, 25, 30, 31, 25, 32, 32, 27, 22, 28, 10, 20, 6, 26, 29, 16, 16, 32, 5, 26, 4, 8]
[13, 84, 92, 13, 8, 19, 22, 18, 24, 0, 14, 18, 25, 11, 20, 31, 26, 19, 5, 22, 21, 26, 126, 140, 22, 26, 24, 31, 21, 33, 20, 30, 29, 23, 18, 16, 49, 22, 27, 28, 21, 23, 15, 26, 19, 23, 16, 21, 17]
[7, 71, 79, 6, 11, 6, 9, 11, 12, 17, 0, 9, 12, 9, 19, 19, 17, 17, 20, 18, 20, 17, 116, 130, 15, 12, 13, 21, 14, 23, 20, 18, 22, 21, 16, 11, 35, 8, 14, 15, 15, 18, 4, 12, 20, 15, 14, 13, 8]
[15, 68, 76, 7, 15, 4, 16, 19, 8, 19, 10, 0, 9, 7, 26, 16, 24, 26, 20, 26, 28, 24, 118, 132, 23, 10, 8, 27, 23, 29, 27, 24, 29, 29, 24, 19, 32, 8, 19, 12, 23, 27, 13, 15, 26, 8, 22, 6, 3]
[18, 59, 68, 15, 21, 9, 18, 22, 2, 27, 13, 8, 0, 15, 30, 7, 26, 28, 28, 29, 31, 26, 116, 129, 26, 2, 4, 26, 25, 27, 31, 23, 31, 32, 27, 22, 26, 9, 18, 4, 26, 29, 16, 14, 31, 6, 25, 6, 10]
[13, 73, 81, 6, 11, 8, 15, 17, 13, 14, 8, 7, 14, 0, 23, 20, 23, 23, 16, 24, 25, 23, 122, 136, 21, 15, 13, 27, 20, 29, 25, 24, 28, 26, 21, 17, 38, 11, 20, 18, 21, 24, 10, 18, 24, 12, 20, 11, 6]
[12, 86, 95, 19, 15, 22, 23, 12, 28, 19, 16, 25, 28, 22, 0, 35, 18, 3, 21, 13, 5, 18, 111, 125, 13, 28, 29, 22, 12, 19, 4, 21, 13, 6, 3, 9, 51, 24, 25, 31, 10, 7, 15, 27, 4, 31, 5, 29, 24]
[24, 55, 64, 20, 27, 14, 24, 28, 7, 31, 19, 14, 8, 20, 36, 0, 32, 34, 33, 35, 37, 32, 120, 134, 32, 9, 8, 32, 31, 34, 37, 29, 37, 38, 33, 28, 23, 16, 24, 6, 32, 35, 22, 20, 38, 8, 32, 10, 16]
[14, 77, 86, 19, 18, 20, 13, 9, 26, 26, 15, 23, 26, 22, 18, 31, 0, 15, 29, 12, 16, 1, 100, 114, 5, 26, 27, 5, 7, 6, 20, 4, 9, 16, 15, 13, 41, 19, 8, 27, 10, 12, 14, 13, 20, 29, 14, 27, 22]
[11, 86, 95, 19, 14, 22, 22, 10, 28, 19, 15, 24, 28, 22, 4, 34, 15, 0, 21, 11, 3, 15, 110, 124, 10, 28, 29, 20, 9, 17, 5, 19, 11, 4, 2, 9, 51, 24, 23, 31, 7, 5, 14, 26, 6, 30, 4, 28, 23]
[16, 86, 95, 16, 11, 23, 26, 20, 27, 4, 19, 21, 28, 15, 21, 34, 29, 21, 0, 25, 23, 29, 128, 142, 24, 29, 27, 33, 22, 34, 22, 32, 31, 24, 20, 19, 52, 26, 29, 31, 23, 24, 18, 30, 21, 26, 17, 24, 20]
[11, 81, 90, 19, 15, 21, 14, 6, 27, 23, 15, 24, 27, 21, 16, 34, 6, 13, 26, 0, 14, 6, 106, 120, 2, 27, 28, 10, 4, 12, 17, 8, 10, 13, 13, 10, 45, 20, 12, 30, 7, 9, 14, 17, 17, 30, 11, 28, 23]
[14, 89, 98, 22, 16, 24, 23, 11, 30, 22, 18, 27, 31, 24, 4, 37, 16, 3, 24, 12, 0, 16, 108, 122, 12, 31, 32, 19, 10, 15, 5, 19, 9, 2, 5, 11, 54, 26, 24, 33, 8, 5, 17, 27, 5, 33, 7, 31, 26]
[14, 77, 86, 19, 18, 20, 13, 9, 26, 26, 15, 23, 26, 22, 18, 31, 1, 15, 29, 12, 16, 0, 100, 114, 5, 26, 27, 5, 7, 6, 20, 4, 9, 16, 15, 13, 41, 19, 8, 27, 10, 12, 14, 13, 20, 29, 14, 27, 22]
[103, 122, 135, 107, 107, 105, 96, 98, 107, 115, 104, 108, 107, 110, 101, 109, 89, 99, 118, 100, 98, 89, 0, 24, 94, 106, 109, 87, 96, 83, 102, 88, 89, 97, 100, 102, 101, 101, 92, 107, 97, 95, 103, 95, 102, 111, 101, 110, 108]
[111, 124, 134, 115, 115, 112, 104, 106, 115, 123, 111, 116, 115, 118, 109, 117, 97, 107, 126, 108, 106, 97, 41, 0, 102, 113, 116, 95, 104, 91, 110, 96, 97, 105, 108, 110, 109, 109, 100, 115, 105, 103, 111, 103, 110, 119, 108, 118, 116]
[9, 82, 90, 17, 14, 19, 13, 5, 25, 21, 13, 22, 26, 19, 14, 32, 5, 11, 24, 7, 12, 5, 105, 119, 0, 25, 26, 9, 2, 11, 15, 8, 9, 11, 11, 9, 45, 19, 13, 28, 6, 7, 12, 17, 15, 28, 9, 26, 21]
[16, 60, 69, 14, 20, 7, 16, 21, 4, 27, 12, 8, 4, 15, 28, 9, 25, 27, 28, 28, 30, 25, 114, 128, 25, 0, 6, 24, 24, 26, 30, 21, 30, 31, 25, 20, 26, 8, 17, 5, 25, 28, 14, 13, 30, 9, 24, 8, 9]
[20, 61, 70, 15, 22, 10, 20, 24, 3, 25, 15, 8, 4, 13, 31, 8, 28, 30, 27, 31, 33, 28, 119, 133, 28, 6, 0, 30, 27, 31, 33, 27, 33, 34, 29, 24, 27, 12, 22, 6, 28, 31, 17, 18, 33, 3, 27, 4, 10]
[17, 75, 84, 22, 21, 21, 11, 12, 25, 29, 18, 24, 25, 25, 21, 29, 3, 18, 31, 14, 18, 3, 97, 111, 8, 23, 26, 0, 10, 4, 22, 2, 10, 17, 18, 16, 39, 18, 6, 25, 13, 14, 17, 10, 23, 29, 17, 27, 24]
[8, 82, 91, 16, 13, 18, 13, 4, 24, 20, 12, 21, 25, 18, 12, 31, 7, 9, 23, 5, 10, 7, 107, 121, 2, 25, 26, 11, 0, 13, 14, 10, 11, 10, 9, 7, 46, 19, 14, 27, 4, 6, 11, 18, 14, 27, 8, 25, 20]
[20, 79, 87, 25, 25, 24, 15, 16, 28, 32, 21, 27, 28, 28, 19, 33, 7, 17, 35, 18, 16, 7, 94, 108, 11, 27, 30, 5, 13, 0, 20, 5, 7, 15, 17, 20, 42, 21, 10, 29, 14, 12, 20, 14, 20, 32, 18, 31, 27]
[16, 90, 99, 22, 16, 26, 27, 16, 32, 19, 20, 28, 32, 25, 4, 39, 22, 7, 21, 17, 7, 22, 114, 128, 17, 32, 33, 25, 15, 21, 0, 25, 15, 8, 6, 13, 55, 28, 29, 35, 14, 11, 19, 31, 3, 34, 9, 32, 27]
[17, 73, 82, 20, 21, 19, 9, 13, 23, 29, 16, 22, 23, 23, 22, 27, 4, 19, 32, 15, 20, 4, 99, 113, 9, 22, 25, 4, 11, 6, 23, 0, 11, 19, 19, 17, 37, 16, 4, 23, 14, 15, 15, 9, 23, 27, 18, 26, 22]
[17, 84, 92, 24, 22, 24, 18, 13, 30, 28, 20, 28, 31, 26, 13, 38, 8, 11, 30, 13, 10, 8, 99, 113, 8, 31, 32, 10, 10, 6, 14, 10, 0, 9, 12, 16, 47, 24, 15, 34, 10, 8, 19, 19, 14, 33, 13, 31, 27]
[15, 90, 99, 23, 18, 25, 23, 11, 31, 23, 19, 28, 32, 25, 6, 38, 16, 4, 25, 12, 3, 16, 107, 121, 11, 32, 33, 19, 10, 15, 7, 19, 9, 0, 6, 13, 55, 27, 23, 34, 8, 5, 18, 27, 7, 34, 8, 32, 27]
[10, 84, 93, 18, 13, 20, 21, 10, 26, 18, 14, 23, 26, 20, 4, 33, 16, 2, 20, 11, 5, 16, 110, 124, 11, 26, 27, 20, 10, 17, 5, 19, 13, 6, 0, 7, 49, 22, 23, 29, 8, 6, 13, 25, 6, 29, 3, 27, 22]
[3, 78, 86, 11, 8, 13, 14, 3, 19, 14, 7, 16, 19, 13, 11, 26, 12, 10, 17, 10, 12, 12, 112, 126, 7, 19, 20, 16, 7, 18, 13, 15, 16, 13, 8, 0, 42, 15, 17, 22, 7, 11, 6, 18, 13, 22, 7, 20, 15]
[40, 40, 49, 38, 44, 31, 33, 44, 26, 50, 35, 31, 26, 38, 52, 22, 40, 50, 52, 50, 53, 40, 111, 124, 45, 25, 27, 39, 46, 42, 53, 37, 47, 54, 49, 44, 0, 30, 32, 23, 48, 51, 38, 28, 54, 29, 48, 29, 33]
[13, 65, 74, 11, 17, 4, 9, 17, 9, 24, 8, 7, 10, 12, 25, 15, 20, 23, 26, 24, 26, 20, 110, 124, 19, 8, 11, 19, 19, 21, 26, 16, 25, 27, 22, 17, 29, 0, 12, 11, 21, 24, 11, 8, 27, 13, 20, 11, 7]
[15, 69, 78, 16, 18, 15, 5, 14, 19, 26, 13, 18, 19, 19, 26, 23, 8, 23, 29, 19, 24, 8, 103, 117, 13, 17, 20, 8, 15, 10, 27, 5, 15, 23, 23, 19, 33, 12, 0, 19, 18, 19, 12, 4, 27, 23, 22, 22, 18]
[20, 57, 66, 17, 23, 11, 19, 24, 5, 30, 15, 11, 5, 18, 31, 7, 27, 30, 31, 31, 33, 27, 118, 130, 28, 3, 6, 26, 27, 28, 33, 23, 34, 34, 29, 24, 24, 11, 19, 0, 28, 31, 17, 15, 33, 8, 27, 8, 13]
[10, 84, 93, 18, 14, 20, 17, 5, 26, 20, 14, 23, 26, 20, 8, 33, 11, 5, 22, 7, 7, 11, 107, 121, 6, 26, 27, 15, 5, 14, 10, 15, 10, 6, 5, 8, 49, 22, 19, 29, 0, 4, 13, 21, 10, 29, 5, 27, 22]
[12, 87, 96, 20, 17, 22, 19, 8, 28, 22, 16, 25, 29, 23, 8, 35, 12, 5, 24, 8, 5, 12, 106, 120, 8, 29, 30, 16, 6, 13, 9, 15, 8, 5, 6, 10, 52, 24, 20, 31, 5, 0, 15, 24, 9, 31, 7, 29, 24]
[3, 76, 85, 9, 7, 12, 13, 7, 18, 14, 6, 15, 18, 12, 15, 25, 15, 13, 17, 14, 16, 15, 114, 128, 11, 18, 19, 19, 10, 21, 16, 17, 19, 17, 12, 7, 41, 14, 15, 21, 11, 14, 0, 17, 16, 21, 10, 18, 14]
[16, 65, 74, 15, 19, 11, 5, 17, 15, 26, 11, 14, 15, 18, 27, 19, 13, 26, 30, 23, 28, 13, 106, 120, 17, 13, 16, 12, 18, 14, 29, 9, 20, 27, 25, 20, 29, 8, 5, 15, 21, 23, 13, 0, 29, 19, 23, 17, 14]
[13, 87, 96, 20, 15, 23, 24, 13, 29, 20, 17, 26, 29, 23, 2, 36, 19, 4, 21, 14, 4, 19, 111, 125, 14, 29, 30, 23, 13, 19, 3, 22, 12, 6, 4, 10, 52, 25, 26, 32, 11, 8, 16, 28, 0, 32, 6, 30, 25]
[20, 62, 71, 13, 21, 9, 20, 24, 5, 24, 15, 7, 6, 12, 31, 9, 28, 30, 25, 31, 33, 28, 121, 134, 28, 7, 3, 31, 27, 33, 33, 28, 33, 34, 29, 23, 29, 13, 24, 7, 28, 31, 17, 19, 32, 0, 27, 2, 8]
[8, 83, 91, 16, 10, 18, 20, 9, 24, 16, 12, 21, 25, 18, 6, 31, 14, 4, 18, 11, 7, 14, 111, 125, 9, 25, 26, 19, 8, 18, 7, 18, 14, 8, 3, 5, 48, 20, 22, 27, 7, 7, 11, 23, 8, 27, 0, 25, 20]
[18, 64, 73, 11, 18, 7, 18, 22, 6, 23, 13, 5, 6, 12, 29, 12, 26, 28, 25, 29, 31, 26, 120, 133, 26, 8, 4, 29, 25, 31, 31, 26, 31, 32, 26, 21, 31, 11, 22, 9, 26, 29, 15, 17, 30, 3, 25, 0, 6]
[13, 68, 77, 5, 13, 4, 14, 17, 9, 18, 9, 2, 10, 6, 24, 17, 23, 24, 20, 24, 26, 23, 117, 131, 21, 10, 9, 26, 21, 27, 26, 23, 28, 27, 22, 17, 33, 7, 18, 13, 21, 25, 11, 14, 25, 9, 21, 6, 0]
