北京长辛店油库
燕府通加油站 [12000, 0]
京石路加油站（一站） [12000, 9000]
金福龙加油站 [24000, 13000]
幽燕加油站 [24000, 0]
长沟加油站（新） [12000, 0]
鲁谷加油站 [32000, 12000]
凯旋加油站 [12000, 10000]
台宜加油站 [18000, 16000]
坨里加油站 [11000, 7000]
凭祥加油站 [22000, 20000]
元乾元加油站 [12000, 12000]
北庄加油站 [50000, 12000]
鑫燕东加油站 [15000, 0]
赵辛店加油站 [20000, 10000]
昌盛宏海加油站 [12000, 0]
京石路加油站（二站） [12000, 12000]
源泊湖加油站 [24000, 0]
苹铁东加油站 [20000, 18000]
西便门加油站 [25000, 28000]
京西潭柘寺加油站 [14000, 0]
丰台国兴加油站 [0, 11000]
窦店加油站 [14000, 12000]
北京顺义北务北加油站 [10000, 7000]
昊良加油站 [31000, 17000]
双山加油站 [0, 12000]
航天长峰站 [12000, 12000]
闫村加油站 [10000, 0]
岳首通加油站 [12000, 7000]
京福加油站 [12000, 9000]
中外运加油站 [10000, 9000]
玉泉加油站 [10000, 7000]
志润峰加油站 [11000, 0]
六里桥加油站 [16000, 16000]
永定路加油站 [12000, 10000]
军庄加油站 [12000, 0]
滨河路加油站 [34000, 22000]
综地加油站 [10000, 12000]
长阳加油站 [12000, 0]
房通加油站 [11000, 7000]
宛丰加油站 [9000, 9000]
太平加油站 [8000, 11000]
京西石美泉加油站 [20000, 23000]
西黄庄加油站 [7000, 28000]
燕广友加油站 [8000, 11000]
固村加油站 [9000, 5000]
展览路加油站 [0, 20000]
北京顺义北务南加油站 [7000, 5000]
北京通州永乐南加油站 [4000, 4000]
北京通州永乐北加油站 [5000, 4000]
台金加油站 [8000, 0]
友盛利达加油站 [15000, 0]
永立加油站 [10000, 9000]
安顺成加油站 [9000, 9000]
燕东加油站 [24000, 0]
国普加油站 [10000, 11000]
京AM7725 2 12000 0
京AM7723 2 12000 1
京ACA900 2 12000 2
京ADH752 1 15000 3
京AX0252 2 12000 4
京ADH755 1 15000 5
京ADH756 1 14000 6
京ACA869 2 12000 7
京AU3823 1 9000 8
京AX0268 2 12000 9
京AT8088 2 12000 10
京AX0269 2 12000 11
京AT8072 2 12000 12
京AT8071 2 12000 13
京AT8032 2 11000 14
京ADH899 1 7000 15
京ACG500 1 4000 16
京ACA878 1 10000 17
京ADH985 2 10000 18
京AT5872 2 12000 19
[0, 23, 31, 13, 24, 38, 17, 9, 16, 16, 22, 13, 24, 18, 3, 15, 23, 54, 21, 22, 20, 11, 20, 89, 7, 28, 19, 13, 10, 15, 12, 26, 11, 18, 18, 28, 22, 24, 9, 21, 8, 15, 16, 23, 23, 11, 24, 74, 63, 73, 7, 24, 8, 21, 12, 17]
[23, 0, 20, 34, 12, 15, 39, 15, 37, 14, 43, 35, 3, 12, 24, 12, 13, 32, 42, 43, 31, 32, 11, 111, 16, 5, 41, 10, 31, 10, 33, 43, 17, 39, 39, 45, 39, 41, 21, 2, 29, 10, 38, 45, 39, 16, 45, 95, 78, 88, 29, 20, 25, 42, 20, 7]
[23, 13, 0, 34, 5, 21, 38, 14, 37, 20, 43, 35, 15, 5, 24, 8, 4, 38, 42, 43, 36, 32, 3, 110, 16, 17, 40, 13, 30, 13, 33, 44, 15, 39, 39, 45, 40, 42, 21, 14, 29, 13, 37, 44, 40, 16, 45, 95, 72, 82, 28, 11, 24, 42, 17, 10]
[12, 33, 41, 0, 34, 48, 8, 19, 7, 26, 12, 4, 34, 28, 9, 25, 33, 64, 12, 12, 24, 2, 30, 80, 17, 38, 9, 23, 7, 25, 3, 23, 21, 8, 7, 24, 18, 21, 17, 31, 5, 25, 5, 13, 17, 21, 15, 65, 60, 69, 5, 34, 15, 12, 22, 27]
[23, 12, 11, 34, 0, 17, 39, 15, 38, 21, 44, 35, 14, 6, 24, 9, 5, 34, 43, 43, 37, 33, 4, 111, 17, 15, 41, 14, 31, 14, 33, 45, 16, 40, 40, 46, 41, 43, 22, 13, 30, 13, 38, 45, 41, 17, 46, 96, 71, 82, 29, 9, 25, 43, 18, 10]
[39, 17, 21, 50, 18, 0, 55, 31, 53, 29, 59, 51, 18, 23, 40, 25, 22, 19, 58, 59, 46, 48, 21, 126, 32, 14, 56, 26, 46, 25, 49, 59, 32, 55, 55, 60, 55, 57, 37, 18, 45, 26, 53, 60, 55, 32, 61, 111, 86, 96, 44, 24, 41, 58, 35, 23]
[16, 37, 45, 8, 38, 52, 0, 23, 10, 28, 10, 9, 38, 32, 13, 30, 37, 69, 5, 13, 19, 8, 35, 79, 21, 42, 7, 27, 8, 29, 9, 16, 25, 10, 5, 17, 11, 13, 21, 35, 9, 30, 4, 11, 9, 25, 14, 64, 64, 72, 10, 38, 19, 15, 26, 32]
[9, 15, 23, 20, 15, 30, 25, 0, 23, 13, 29, 21, 16, 9, 10, 6, 14, 47, 28, 29, 25, 18, 11, 97, 2, 20, 27, 5, 18, 7, 19, 33, 3, 25, 25, 35, 29, 31, 7, 13, 15, 8, 24, 31, 29, 6, 31, 81, 64, 74, 15, 15, 11, 28, 6, 10]
[16, 37, 46, 5, 39, 53, 10, 24, 0, 31, 10, 4, 38, 33, 14, 30, 37, 69, 15, 6, 27, 6, 35, 73, 21, 42, 7, 28, 11, 30, 5, 26, 25, 3, 7, 27, 21, 24, 21, 35, 10, 30, 7, 10, 20, 26, 8, 58, 55, 64, 10, 39, 19, 6, 27, 32]
[16, 14, 29, 27, 21, 29, 28, 13, 31, 0, 36, 28, 12, 16, 18, 14, 21, 45, 31, 36, 21, 25, 18, 104, 13, 19, 33, 9, 21, 7, 26, 32, 15, 32, 31, 34, 28, 30, 18, 12, 23, 10, 29, 37, 28, 10, 39, 89, 74, 84, 22, 25, 19, 36, 19, 11]
[23, 44, 53, 12, 46, 60, 12, 31, 9, 37, 0, 11, 45, 40, 21, 37, 45, 76, 12, 10, 29, 14, 42, 70, 28, 49, 5, 35, 16, 37, 12, 22, 32, 8, 8, 23, 19, 20, 28, 42, 17, 37, 9, 2, 16, 33, 8, 55, 61, 70, 17, 46, 26, 13, 34, 39]
[13, 35, 43, 2, 36, 50, 8, 21, 4, 28, 9, 0, 36, 30, 11, 27, 35, 66, 12, 10, 24, 4, 32, 77, 18, 40, 6, 25, 8, 27, 2, 23, 23, 6, 5, 25, 18, 21, 18, 33, 7, 27, 4, 10, 17, 23, 12, 62, 57, 66, 7, 36, 16, 9, 24, 29]
[25, 3, 23, 36, 15, 18, 39, 17, 39, 14, 45, 36, 0, 14, 25, 14, 16, 35, 43, 45, 30, 34, 13, 112, 18, 8, 42, 12, 31, 11, 34, 43, 18, 41, 41, 45, 39, 41, 23, 4, 31, 12, 39, 46, 39, 17, 47, 97, 80, 90, 30, 22, 26, 44, 22, 9]
[18, 12, 14, 29, 6, 23, 34, 9, 32, 16, 38, 30, 14, 0, 19, 3, 6, 40, 37, 38, 33, 27, 2, 105, 11, 16, 35, 8, 26, 9, 28, 41, 10, 34, 34, 42, 37, 39, 16, 12, 24, 8, 32, 39, 37, 12, 40, 90, 69, 79, 23, 12, 20, 37, 12, 7]
[3, 24, 32, 10, 25, 39, 15, 10, 13, 18, 20, 11, 25, 19, 0, 16, 24, 55, 18, 19, 20, 8, 21, 87, 8, 29, 17, 14, 8, 16, 9, 25, 12, 16, 15, 27, 21, 23, 9, 22, 6, 16, 14, 21, 21, 13, 22, 71, 63, 73, 5, 25, 7, 19, 13, 18]
[15, 12, 16, 26, 9, 24, 31, 6, 29, 14, 36, 27, 14, 3, 16, 0, 8, 40, 34, 35, 30, 24, 5, 103, 9, 16, 33, 5, 23, 7, 25, 38, 7, 32, 31, 40, 34, 36, 13, 11, 22, 7, 30, 37, 34, 10, 38, 87, 67, 77, 21, 11, 17, 34, 10, 7]
[31, 20, 8, 42, 11, 19, 46, 22, 45, 28, 51, 42, 22, 13, 32, 16, 0, 36, 50, 51, 44, 40, 11, 118, 24, 21, 48, 21, 38, 21, 41, 52, 23, 47, 47, 53, 48, 50, 29, 20, 37, 21, 45, 52, 48, 24, 53, 103, 74, 84, 36, 12, 32, 50, 25, 18]
[55, 33, 37, 66, 34, 19, 71, 47, 69, 46, 75, 67, 34, 39, 56, 41, 38, 0, 74, 75, 63, 64, 37, 143, 48, 30, 72, 42, 63, 42, 65, 75, 48, 71, 71, 76, 71, 73, 53, 34, 61, 42, 70, 77, 71, 48, 77, 127, 102, 112, 61, 40, 57, 74, 51, 39]
[21, 42, 51, 14, 44, 57, 7, 29, 17, 31, 12, 16, 41, 38, 19, 35, 43, 74, 0, 18, 20, 15, 40, 81, 26, 47, 11, 33, 14, 33, 15, 12, 30, 16, 10, 13, 8, 10, 26, 40, 14, 35, 10, 13, 6, 30, 16, 65, 69, 78, 15, 44, 24, 21, 32, 36]
[21, 42, 51, 10, 44, 58, 13, 29, 6, 36, 11, 9, 43, 38, 19, 35, 43, 74, 17, 0, 29, 12, 40, 68, 26, 48, 9, 33, 16, 35, 10, 28, 31, 5, 9, 29, 23, 26, 25, 41, 15, 35, 9, 11, 22, 31, 4, 53, 51, 60, 15, 44, 21, 3, 31, 37]
[20, 31, 43, 24, 36, 46, 19, 25, 27, 21, 28, 26, 29, 32, 21, 29, 35, 62, 20, 29, 0, 24, 33, 97, 24, 36, 25, 25, 18, 26, 24, 19, 27, 27, 23, 22, 14, 16, 27, 30, 20, 27, 21, 30, 17, 21, 32, 82, 80, 89, 21, 39, 28, 32, 30, 29]
[11, 32, 41, 3, 34, 48, 8, 19, 6, 26, 12, 4, 33, 28, 9, 25, 33, 64, 13, 12, 24, 0, 30, 79, 16, 38, 9, 23, 7, 25, 2, 24, 20, 8, 8, 25, 19, 21, 16, 31, 5, 25, 7, 14, 18, 21, 14, 64, 59, 68, 5, 34, 14, 11, 22, 27]
[20, 11, 12, 31, 4, 20, 35, 11, 34, 17, 40, 32, 13, 2, 21, 5, 3, 37, 39, 40, 33, 29, 0, 107, 13, 15, 37, 10, 27, 10, 30, 41, 12, 36, 36, 42, 37, 39, 18, 12, 26, 10, 34, 41, 37, 13, 42, 92, 70, 80, 25, 10, 21, 39, 14, 7]
[73, 95, 103, 62, 96, 110, 63, 81, 58, 88, 54, 61, 96, 90, 71, 87, 95, 126, 63, 52, 81, 64, 92, 0, 79, 100, 56, 85, 68, 87, 62, 75, 83, 56, 60, 76, 71, 73, 77, 93, 67, 87, 60, 54, 69, 83, 50, 6, 49, 62, 67, 93, 73, 55, 82, 89]
[7, 17, 25, 18, 17, 32, 22, 3, 21, 13, 27, 18, 18, 12, 8, 9, 17, 48, 26, 27, 25, 16, 14, 94, 0, 22, 24, 7, 15, 9, 17, 32, 5, 23, 23, 33, 28, 30, 5, 15, 13, 9, 21, 28, 28, 6, 29, 79, 64, 74, 12, 18, 8, 26, 8, 11]
[26, 3, 20, 37, 13, 15, 41, 18, 40, 16, 46, 37, 5, 13, 26, 13, 14, 32, 45, 46, 33, 35, 12, 113, 19, 0, 43, 13, 33, 12, 35, 45, 19, 42, 42, 47, 41, 43, 24, 5, 32, 13, 40, 47, 42, 18, 48, 98, 79, 89, 31, 21, 27, 45, 23, 10]
[19, 40, 48, 7, 41, 55, 7, 26, 8, 32, 4, 7, 41, 35, 16, 32, 40, 71, 8, 9, 25, 9, 37, 73, 24, 45, 0, 30, 12, 32, 7, 20, 28, 7, 3, 21, 16, 18, 24, 38, 12, 32, 4, 6, 14, 28, 8, 58, 60, 69, 13, 41, 21, 12, 29, 34]
[13, 10, 21, 24, 14, 25, 29, 6, 28, 9, 34, 25, 11, 8, 14, 5, 13, 42, 32, 33, 25, 23, 10, 101, 7, 15, 31, 0, 21, 3, 23, 33, 7, 30, 30, 35, 29, 31, 12, 8, 20, 3, 28, 35, 29, 6, 36, 86, 69, 79, 19, 17, 15, 33, 11, 5]
[10, 30, 38, 7, 31, 46, 9, 17, 11, 21, 15, 9, 30, 26, 8, 23, 30, 62, 13, 16, 18, 7, 28, 84, 15, 35, 12, 21, 0, 22, 8, 20, 19, 12, 10, 22, 14, 17, 15, 28, 3, 23, 9, 17, 17, 18, 19, 69, 65, 73, 4, 32, 13, 17, 21, 25]
[15, 10, 22, 26, 14, 25, 31, 7, 29, 7, 35, 27, 10, 9, 16, 7, 14, 41, 34, 35, 26, 24, 11, 103, 9, 15, 33, 3, 23, 0, 25, 34, 9, 31, 31, 36, 30, 32, 13, 8, 21, 3, 30, 37, 31, 7, 38, 87, 70, 80, 21, 18, 17, 34, 12, 4]
[12, 33, 41, 1, 34, 48, 9, 19, 5, 27, 11, 2, 34, 28, 10, 26, 33, 65, 13, 10, 25, 2, 31, 78, 17, 38, 8, 23, 8, 25, 0, 24, 21, 7, 7, 26, 19, 22, 17, 31, 6, 26, 5, 12, 18, 22, 13, 63, 58, 66, 6, 35, 15, 10, 23, 28]
[26, 43, 52, 23, 45, 58, 15, 33, 26, 32, 22, 25, 42, 40, 25, 39, 44, 74, 13, 28, 19, 24, 41, 91, 32, 48, 20, 35, 19, 34, 24, 0, 36, 26, 20, 6, 6, 5, 34, 41, 21, 36, 20, 22, 7, 31, 26, 75, 79, 87, 22, 48, 32, 30, 38, 37]
[11, 16, 23, 22, 16, 31, 26, 2, 25, 15, 31, 22, 17, 10, 12, 7, 15, 47, 30, 31, 27, 20, 12, 98, 4, 21, 28, 6, 19, 8, 21, 35, 0, 27, 27, 36, 31, 33, 7, 14, 17, 8, 25, 32, 31, 7, 33, 83, 62, 72, 16, 14, 11, 30, 5, 10]
[17, 39, 47, 6, 40, 54, 11, 25, 2, 32, 10, 5, 40, 34, 15, 31, 39, 70, 16, 5, 28, 8, 36, 73, 23, 44, 8, 29, 12, 31, 6, 27, 27, 0, 8, 28, 22, 25, 22, 37, 11, 31, 8, 11, 21, 27, 8, 58, 54, 63, 11, 40, 20, 5, 28, 33]
[17, 39, 47, 6, 40, 54, 5, 25, 6, 31, 5, 6, 39, 34, 15, 31, 39, 70, 9, 8, 23, 8, 36, 74, 22, 44, 2, 29, 10, 31, 6, 20, 27, 6, 0, 22, 15, 18, 22, 37, 11, 31, 3, 7, 14, 27, 9, 59, 59, 68, 11, 40, 20, 11, 28, 33]
[28, 44, 53, 25, 46, 59, 17, 35, 27, 33, 23, 26, 43, 42, 27, 40, 45, 76, 14, 29, 22, 25, 42, 92, 33, 49, 21, 36, 21, 35, 25, 6, 37, 27, 21, 0, 8, 8, 35, 42, 23, 38, 21, 23, 9, 33, 27, 77, 80, 89, 24, 49, 33, 32, 40, 39]
[22, 38, 47, 18, 40, 54, 10, 29, 21, 28, 18, 19, 38, 36, 21, 34, 39, 70, 9, 22, 14, 18, 37, 87, 28, 43, 16, 31, 14, 30, 19, 6, 31, 21, 14, 9, 0, 4, 28, 36, 16, 32, 14, 19, 3, 27, 22, 72, 74, 82, 17, 43, 26, 25, 34, 33]
[24, 41, 50, 22, 43, 56, 14, 31, 24, 30, 20, 23, 40, 38, 23, 37, 42, 72, 11, 26, 16, 22, 39, 89, 30, 46, 19, 33, 17, 32, 23, 5, 34, 24, 18, 8, 4, 0, 32, 39, 20, 34, 18, 21, 6, 29, 24, 74, 77, 86, 20, 46, 30, 29, 36, 35]
[8, 21, 29, 17, 22, 36, 22, 7, 21, 18, 27, 18, 22, 16, 9, 13, 21, 53, 26, 26, 27, 15, 18, 93, 5, 26, 24, 11, 15, 13, 16, 34, 7, 23, 22, 36, 29, 32, 0, 19, 13, 14, 21, 28, 30, 10, 29, 78, 59, 70, 12, 21, 4, 23, 7, 16]
[21, 2, 21, 32, 13, 17, 37, 14, 36, 12, 42, 33, 3, 12, 22, 12, 14, 34, 41, 41, 31, 30, 12, 109, 15, 7, 39, 9, 29, 8, 31, 41, 15, 38, 37, 43, 37, 39, 20, 0, 28, 8, 36, 43, 37, 14, 44, 94, 76, 86, 27, 21, 23, 41, 18, 5]
[7, 28, 37, 6, 30, 44, 10, 15, 10, 22, 16, 7, 29, 24, 5, 21, 29, 60, 14, 15, 21, 4, 26, 83, 12, 34, 13, 19, 3, 21, 5, 22, 16, 12, 11, 24, 17, 20, 12, 26, 0, 21, 9, 17, 19, 17, 18, 68, 62, 71, 1, 30, 10, 15, 18, 23]
[17, 8, 21, 28, 12, 23, 32, 9, 31, 10, 37, 28, 9, 9, 18, 8, 13, 40, 36, 37, 28, 26, 9, 104, 10, 13, 34, 4, 24, 3, 27, 37, 10, 33, 33, 38, 33, 35, 15, 6, 23, 0, 31, 38, 33, 10, 39, 89, 72, 82, 22, 18, 18, 36, 14, 2]
[16, 37, 45, 6, 38, 52, 4, 23, 8, 29, 9, 8, 38, 32, 13, 30, 37, 69, 9, 11, 21, 7, 34, 77, 21, 42, 5, 27, 8, 29, 7, 20, 25, 8, 3, 21, 15, 17, 21, 35, 9, 30, 0, 10, 14, 25, 12, 62, 62, 70, 10, 38, 19, 13, 26, 32]
[25, 46, 54, 14, 47, 61, 13, 32, 10, 38, 3, 12, 47, 41, 22, 38, 46, 77, 13, 11, 31, 15, 43, 70, 30, 51, 7, 36, 18, 38, 14, 23, 34, 9, 10, 25, 20, 22, 30, 44, 18, 38, 10, 0, 18, 34, 8, 54, 62, 70, 19, 47, 28, 14, 35, 40]
[22, 38, 47, 18, 40, 53, 10, 29, 20, 28, 16, 19, 37, 36, 21, 34, 39, 70, 7, 22, 15, 18, 36, 85, 27, 43, 14, 31, 15, 29, 18, 6, 31, 20, 14, 8, 2, 4, 29, 36, 17, 32, 14, 17, 0, 27, 20, 69, 73, 82, 18, 43, 27, 24, 34, 33]
[10, 16, 24, 21, 17, 31, 26, 4, 24, 10, 31, 22, 17, 11, 11, 8, 16, 47, 29, 30, 22, 19, 13, 98, 4, 21, 28, 6, 17, 8, 20, 31, 6, 26, 26, 33, 27, 29, 8, 14, 17, 8, 25, 32, 27, 0, 33, 82, 67, 77, 16, 18, 12, 29, 10, 10]
[24, 45, 54, 13, 47, 61, 14, 32, 9, 39, 8, 12, 46, 41, 22, 38, 46, 77, 15, 4, 32, 15, 43, 65, 29, 51, 8, 36, 19, 38, 13, 26, 34, 8, 11, 28, 22, 24, 29, 44, 18, 38, 12, 8, 20, 34, 0, 50, 54, 63, 18, 47, 25, 7, 35, 40]
[75, 96, 104, 64, 97, 111, 64, 82, 59, 89, 55, 62, 97, 91, 72, 88, 96, 128, 65, 53, 82, 65, 93, 17, 80, 101, 58, 86, 69, 88, 64, 76, 84, 57, 61, 76, 72, 74, 78, 94, 69, 88, 61, 55, 70, 84, 51, 0, 50, 62, 69, 94, 75, 56, 83, 90]
[63, 78, 74, 59, 71, 85, 63, 64, 55, 74, 61, 58, 79, 69, 63, 67, 72, 102, 68, 51, 80, 59, 70, 61, 64, 82, 60, 68, 65, 70, 59, 79, 62, 56, 60, 80, 74, 76, 59, 76, 64, 70, 60, 62, 73, 68, 54, 50, 0, 13, 64, 62, 55, 51, 58, 72]
[66, 81, 77, 61, 75, 89, 65, 68, 57, 77, 63, 60, 82, 72, 66, 70, 76, 106, 69, 53, 82, 62, 73, 67, 67, 85, 61, 71, 67, 74, 61, 80, 66, 57, 62, 82, 75, 78, 62, 79, 66, 73, 61, 63, 74, 72, 56, 55, 6, 0, 66, 66, 58, 53, 61, 75]
[7, 28, 36, 7, 29, 43, 11, 14, 10, 22, 16, 7, 29, 23, 5, 21, 28, 60, 15, 16, 22, 5, 26, 83, 12, 33, 13, 18, 4, 20, 6, 23, 16, 12, 12, 25, 18, 20, 12, 26, 2, 21, 10, 17, 20, 17, 18, 68, 63, 72, 0, 30, 10, 15, 18, 23]
[24, 20, 12, 35, 9, 23, 40, 15, 38, 25, 45, 36, 22, 12, 25, 12, 12, 40, 43, 44, 40, 33, 10, 109, 18, 24, 42, 17, 32, 18, 34, 47, 15, 40, 40, 49, 43, 45, 20, 20, 31, 17, 39, 46, 44, 20, 47, 94, 62, 72, 30, 0, 24, 43, 15, 17]
[8, 25, 33, 15, 26, 40, 20, 11, 18, 19, 25, 16, 26, 20, 8, 17, 25, 56, 24, 22, 28, 13, 22, 89, 8, 30, 22, 15, 13, 17, 14, 32, 10, 20, 20, 34, 27, 29, 4, 23, 11, 17, 18, 26, 29, 13, 25, 73, 55, 66, 10, 23, 0, 19, 10, 19]
[21, 42, 50, 10, 43, 57, 16, 28, 7, 35, 14, 9, 43, 37, 18, 34, 42, 73, 20, 4, 32, 11, 39, 71, 26, 47, 12, 32, 16, 34, 9, 31, 29, 8, 12, 32, 26, 29, 23, 40, 14, 34, 12, 14, 25, 30, 7, 56, 50, 59, 15, 42, 19, 0, 28, 36]
[13, 20, 26, 23, 18, 34, 27, 6, 26, 19, 32, 23, 21, 13, 13, 10, 18, 50, 31, 31, 31, 21, 15, 98, 8, 25, 29, 10, 20, 12, 22, 38, 4, 28, 28, 40, 34, 36, 6, 18, 18, 13, 26, 33, 35, 11, 34, 83, 58, 68, 17, 16, 10, 29, 0, 15]
[17, 7, 18, 28, 10, 23, 33, 10, 32, 11, 38, 29, 8, 7, 18, 7, 10, 39, 37, 37, 29, 27, 7, 105, 11, 12, 35, 5, 25, 4, 27, 38, 11, 34, 34, 39, 34, 35, 16, 5, 24, 5, 32, 39, 34, 10, 40, 90, 73, 83, 23, 17, 19, 37, 15, 0]
