北京住海油库
桥头加油站 [26000, 0]
银燕加油站 [11000, 0]
东方旺加油站 [0, 10000]
迪生加油站 [13000, 0]
农大石加油站 [13000, 13000]
华京顺加油站 [11000, 11000]
京东华鑫加油站 [0, 10000]
长青加油站 [10000, 0]
顺兴加油站 [11000, 8000]
觅康加油站 [21000, 0]
朝阳青年路加油站 [12000, 0]
京教加油站 [0, 8000]
北京顺义北务北加油站 [8000, 6000]
北京顺义北务南加油站 [6000, 4000]
北苑加油站 [9000, 7000]
朝阳日坛加油站 [0, 28000]
中原创业加油站 [33000, 0]
永昌加油站 [11000, 0]
北方（鑫溪凯旋）加油站 [13000, 0]
朝阳平安东辰加油站 [13000, 13000]
顺锦加油站 [24000, 0]
金海加油站 [12000, 0]
李桥西站 [12000, 0]
滨阳加油站 [12000, 0]
三联加油站 [12000, 0]
国平加油站 [13000, 0]
青山加油站 [10000, 0]
杨桥加油站 [13000, 0]
城西加油站 [23000, 0]
海达加油站 [22000, 0]
张辛加油站 [11000, 0]
朝阳兆元加油站 [6000, 0]
朝阳燕鑫加油站 [0, 11000]
京AT2068 2 13000 0
京ABY150 2 11000 1
京ACA621 2 12000 2
京AED225 1 8000 3
京ADJ570 2 12000 4
京AT2076 2 13000 5
京ABB019 2 12000 6
京AT1083 2 13000 7
京ABY201 1 11000 8
[0, 47, 42, 34, 28, 76, 11, 4, 10, 11, 46, 23, 16, 35, 19, 20, 26, 19, 13, 50, 11, 16, 59, 4, 49, 28, 30, 29, 42, 48, 50, 6, 22, 21]
[47, 0, 24, 18, 23, 31, 38, 50, 46, 54, 82, 65, 58, 50, 37, 58, 67, 56, 35, 3, 50, 34, 58, 44, 3, 34, 31, 38, 42, 47, 47, 47, 63, 62]
[41, 25, 0, 8, 14, 55, 32, 44, 39, 50, 85, 59, 55, 61, 48, 47, 60, 56, 31, 27, 43, 27, 71, 39, 27, 45, 42, 49, 54, 60, 59, 42, 56, 56]
[34, 19, 8, 0, 6, 49, 24, 37, 32, 42, 78, 51, 48, 53, 41, 41, 53, 49, 24, 21, 36, 20, 63, 32, 21, 37, 34, 42, 47, 52, 52, 35, 49, 48]
[28, 23, 14, 7, 0, 53, 18, 31, 26, 36, 72, 45, 42, 49, 36, 38, 47, 43, 18, 26, 30, 14, 60, 26, 25, 33, 30, 38, 43, 49, 49, 29, 43, 42]
[76, 31, 55, 49, 53, 0, 69, 80, 77, 83, 97, 97, 85, 61, 59, 89, 98, 81, 66, 30, 81, 65, 43, 75, 30, 51, 48, 48, 40, 35, 33, 76, 94, 94]
[12, 38, 32, 24, 18, 68, 0, 14, 11, 22, 57, 31, 26, 40, 24, 23, 32, 29, 5, 41, 15, 5, 56, 11, 40, 26, 23, 29, 37, 43, 45, 16, 28, 28]
[4, 50, 44, 36, 30, 80, 14, 0, 9, 14, 50, 21, 19, 38, 23, 18, 23, 22, 15, 52, 8, 18, 62, 7, 52, 31, 33, 32, 45, 52, 53, 9, 19, 19]
[11, 44, 38, 30, 24, 75, 10, 8, 0, 21, 57, 22, 26, 45, 29, 16, 24, 29, 12, 47, 7, 11, 65, 12, 46, 34, 32, 37, 46, 52, 53, 17, 20, 19]
[10, 52, 48, 40, 34, 81, 19, 14, 20, 0, 38, 18, 8, 37, 22, 28, 25, 9, 18, 55, 18, 24, 62, 13, 54, 32, 34, 32, 46, 51, 53, 6, 19, 23]
[46, 82, 86, 78, 72, 97, 56, 50, 56, 38, 0, 43, 33, 56, 48, 59, 49, 30, 56, 84, 53, 60, 74, 49, 83, 52, 57, 52, 64, 64, 64, 43, 47, 50]
[23, 66, 60, 52, 46, 96, 31, 21, 22, 19, 44, 0, 17, 55, 40, 18, 7, 22, 33, 68, 16, 33, 79, 24, 68, 48, 51, 49, 63, 69, 70, 24, 4, 7]
[16, 59, 56, 48, 42, 85, 25, 19, 25, 8, 34, 16, 0, 41, 26, 31, 23, 6, 26, 61, 24, 30, 65, 18, 60, 36, 39, 37, 49, 55, 56, 13, 20, 23]
[18, 40, 51, 43, 37, 66, 25, 22, 29, 23, 47, 38, 24, 0, 6, 38, 44, 22, 23, 42, 29, 28, 46, 20, 42, 16, 19, 17, 30, 36, 37, 17, 38, 40]
[19, 37, 48, 40, 35, 59, 23, 23, 28, 24, 48, 40, 25, 17, 0, 39, 45, 23, 21, 38, 30, 26, 43, 18, 38, 10, 14, 11, 24, 31, 32, 18, 39, 41]
[19, 58, 49, 43, 39, 89, 25, 16, 15, 28, 58, 18, 29, 54, 38, 0, 16, 34, 27, 61, 10, 25, 78, 23, 60, 47, 46, 48, 60, 66, 68, 25, 14, 13]
[25, 66, 60, 53, 47, 97, 33, 22, 23, 25, 49, 7, 23, 59, 44, 16, 0, 28, 35, 69, 17, 33, 84, 28, 68, 53, 54, 53, 67, 74, 75, 29, 8, 7]
[18, 56, 56, 49, 43, 82, 27, 22, 28, 11, 30, 20, 5, 38, 23, 34, 27, 0, 26, 58, 26, 32, 61, 21, 57, 33, 35, 33, 45, 51, 52, 14, 24, 27]
[12, 36, 32, 24, 18, 67, 3, 15, 14, 20, 56, 32, 25, 37, 21, 26, 35, 26, 0, 39, 18, 8, 54, 9, 38, 23, 21, 26, 35, 41, 42, 13, 31, 30]
[50, 3, 27, 21, 26, 30, 41, 53, 49, 57, 84, 68, 60, 52, 39, 61, 70, 58, 38, 0, 53, 37, 57, 47, 3, 36, 33, 40, 44, 47, 46, 50, 66, 65]
[11, 50, 44, 36, 30, 80, 16, 7, 6, 19, 53, 16, 23, 45, 30, 11, 18, 27, 18, 52, 0, 17, 69, 14, 52, 38, 37, 39, 52, 57, 59, 16, 14, 13]
[16, 34, 28, 21, 15, 65, 7, 18, 13, 26, 61, 32, 30, 43, 27, 24, 34, 33, 9, 37, 17, 0, 56, 15, 36, 28, 25, 32, 39, 44, 45, 20, 29, 29]
[59, 58, 71, 63, 60, 43, 56, 63, 67, 63, 74, 79, 65, 41, 43, 78, 85, 61, 53, 57, 69, 55, 0, 59, 56, 37, 34, 33, 24, 14, 12, 58, 79, 80]
[4, 44, 39, 32, 26, 74, 10, 7, 12, 12, 48, 24, 18, 34, 17, 23, 29, 19, 9, 46, 14, 14, 58, 0, 46, 26, 27, 26, 40, 46, 48, 6, 23, 25]
[49, 2, 26, 21, 25, 29, 40, 52, 48, 56, 84, 68, 60, 51, 38, 60, 69, 58, 38, 3, 53, 36, 56, 46, 0, 35, 32, 40, 44, 46, 45, 49, 65, 65]
[28, 33, 45, 37, 33, 52, 26, 32, 36, 34, 53, 49, 35, 16, 10, 48, 54, 33, 23, 35, 38, 28, 36, 26, 35, 0, 5, 5, 18, 23, 25, 27, 48, 49]
[29, 30, 41, 34, 30, 48, 22, 33, 33, 36, 57, 50, 37, 21, 13, 44, 54, 35, 19, 32, 37, 24, 34, 27, 31, 5, 0, 9, 15, 21, 23, 28, 49, 49]
[29, 38, 49, 42, 38, 49, 28, 32, 38, 34, 50, 49, 36, 13, 11, 48, 54, 33, 25, 40, 39, 31, 33, 27, 39, 5, 10, 0, 14, 20, 22, 27, 48, 50]
[38, 37, 50, 42, 39, 39, 33, 42, 43, 44, 60, 59, 46, 22, 21, 55, 64, 43, 30, 39, 47, 34, 24, 37, 39, 13, 11, 10, 0, 11, 13, 37, 58, 59]
[48, 48, 60, 53, 49, 35, 43, 52, 54, 53, 64, 68, 54, 30, 31, 65, 74, 51, 40, 47, 58, 44, 13, 47, 46, 24, 21, 21, 11, 0, 2, 47, 68, 70]
[50, 47, 59, 52, 49, 33, 45, 54, 56, 55, 65, 71, 56, 32, 33, 67, 76, 52, 42, 46, 60, 44, 12, 49, 45, 26, 23, 23, 13, 3, 0, 49, 70, 72]
[6, 47, 43, 35, 29, 76, 15, 10, 16, 7, 43, 23, 13, 33, 18, 26, 29, 14, 13, 50, 17, 20, 58, 9, 49, 27, 29, 27, 41, 47, 49, 0, 22, 24]
[22, 63, 57, 49, 43, 93, 29, 18, 19, 21, 48, 5, 19, 54, 39, 14, 7, 25, 31, 65, 14, 30, 78, 23, 65, 47, 50, 48, 62, 68, 69, 23, 0, 4]
[21, 62, 56, 48, 42, 92, 28, 17, 18, 23, 52, 9, 24, 55, 40, 13, 8, 29, 30, 65, 13, 29, 79, 24, 64, 48, 49, 49, 63, 69, 70, 24, 6, 0]
