北京沙河油库
西北昌平土沟西加油站 [9000, 7000]
三元西郊加油站 [12000, 12000]
百善南站加油站 [11000, 0]
年福加油站 [12000, 24000]
三元北沙滩加油站 [12000, 24000]
上庄加油站 [35000, 12000]
京林加油站 [22000, 0]
三元回龙观加油站 [24000, 12000]
北京顺义北务北加油站 [6000, 4000]
北京顺义北务南加油站 [6000, 4000]
三元北清路加油站 [12000, 12000]
三元西山加油站 [12000, 0]
三元东北旺加油站 [12000, 12000]
实科华加油站 [24000, 0]
清华开拓加油站 [12000, 11000]
安宁庄加油站 [12000, 0]
永丰加油站 [34000, 14000]
沙坨加油站 [24000, 0]
西关加油站 [12000, 0]
三阳加油站 [11000, 0]
太平湖加油站 [19000, 10000]
振铎加油站 [0, 10000]
沙阳加油站 [12000, 12000]
周家巷南加油站 [0, 20000]
周家巷北加油站 [0, 17000]
和裕丰加油站 [18000, 8000]
汤顺加油站 [22000, 9000]
恩祥加油站 [12000, 0]
京西中关村加油站 [15000, 0]
朝阳惠中寺加油站 [8000, 0]
北京东北太师屯南加油站 [10000, 7000]
北京东北太师屯北加油站 [4000, 3000]
航天加油站 [24000, 12000]
昆明湖加油站 [12000, 0]
柏春耀加油站 [0, 12000]
三元南口加油站 [12000, 0]
回龙观加油站 [10000, 10000]
三元七里渠加油站 [12000, 0]
王府加油站 [12000, 0]
麦辛路加油站 [24000, 0]
京航加油站 [22000, 12000]
东关加油站 [10000, 12000]
红路国加油站 [10000, 0]
苗圃加油站 [8000, 0]
百盛加油站 [10000, 10000]
华昌加油站 [12000, 0]
绿岛加油站 [24000, 9000]
桃洼加油站 [30000, 7000]
朝阳祁家豁子加油站 [20000, 36000]
昌平北方加油站 [0, 12000]
德通加油站 [10000, 0]
昌保加油站 [12000, 8000]
北安河加油站 [12000, 0]
南邵加油站 [0, 10000]
京汤加油站 [12000, 0]
百善加油站 [12000, 0]
京西北砖加油站 [30000, 0]
燕龙加油站 [12000, 0]
温百星加油站 [12000, 0]
海淀京铁加油站 [13000, 16000]
卧佛寺加油站 [0, 12000]
世博加油站 [24000, 11000]
延庆加油站 [12000, 12000]
三元西三旗加油站 [12000, 12000]
京ACG215 1 8000 0
京ACV016 2 12000 1
京AED225 1 5000 2
京AC9942 2 12000 3
京ACU892 2 12000 4
京ADU225 2 12000 5
京AW0318 2 12000 6
京AQ8858 1 10000 7
京ACU980 2 12000 8
京AX1680 2 12000 9
京ADU228 2 12000 10
京ADU229 2 12000 11
京ADU226 2 12000 12
京ADU227 2 12000 13
京AL9751 2 12000 14
京ACV003 2 12000 15
[0, 25, 6, 8, 12, 17, 9, 17, 9, 72, 56, 5, 17, 13, 17, 18, 11, 11, 19, 12, 14, 24, 11, 11, 23, 17, 8, 13, 11, 20, 13, 113, 127, 9, 23, 40, 17, 9, 5, 16, 23, 17, 14, 40, 16, 8, 9, 13, 21, 20, 8, 4, 14, 16, 12, 16, 11, 13, 14, 13, 18, 23, 4, 51, 10]
[21, 0, 25, 20, 11, 21, 27, 22, 19, 53, 37, 19, 36, 23, 22, 26, 20, 26, 16, 32, 33, 27, 31, 31, 40, 34, 24, 15, 30, 26, 15, 98, 112, 23, 30, 60, 37, 19, 17, 9, 14, 13, 30, 29, 12, 21, 30, 31, 42, 23, 29, 18, 34, 35, 26, 11, 26, 16, 34, 32, 24, 32, 21, 71, 19]
[8, 32, 0, 15, 18, 23, 5, 23, 14, 77, 61, 10, 12, 15, 23, 20, 16, 11, 26, 15, 9, 29, 7, 7, 19, 13, 15, 20, 14, 22, 20, 120, 134, 10, 22, 40, 14, 14, 11, 21, 30, 24, 17, 46, 23, 14, 13, 16, 19, 25, 10, 9, 15, 11, 17, 22, 17, 18, 17, 9, 23, 22, 11, 54, 16]
[9, 17, 14, 0, 13, 25, 17, 25, 15, 67, 50, 13, 25, 21, 26, 26, 19, 19, 11, 14, 17, 32, 12, 18, 31, 25, 6, 5, 11, 28, 5, 105, 119, 17, 31, 42, 18, 15, 12, 13, 15, 9, 11, 45, 8, 2, 11, 12, 23, 28, 9, 12, 15, 24, 7, 17, 7, 19, 15, 21, 26, 31, 5, 52, 18]
[12, 21, 16, 13, 0, 16, 16, 15, 8, 61, 45, 8, 27, 13, 15, 17, 10, 15, 14, 24, 24, 22, 23, 22, 29, 23, 17, 13, 22, 19, 13, 107, 121, 12, 22, 52, 29, 8, 8, 5, 18, 13, 23, 33, 10, 13, 21, 23, 33, 18, 20, 10, 26, 26, 19, 4, 18, 9, 26, 24, 16, 24, 12, 63, 9]
[16, 32, 20, 25, 14, 0, 20, 4, 10, 61, 46, 12, 29, 9, 4, 8, 7, 15, 26, 28, 29, 9, 27, 26, 30, 26, 25, 25, 27, 9, 25, 114, 128, 14, 12, 56, 33, 10, 15, 17, 29, 24, 31, 26, 21, 24, 25, 30, 37, 5, 24, 14, 30, 28, 28, 13, 28, 8, 30, 27, 6, 15, 21, 67, 7]
[9, 34, 5, 17, 16, 21, 0, 19, 12, 77, 61, 8, 13, 12, 20, 17, 14, 6, 28, 18, 12, 26, 10, 9, 17, 11, 17, 22, 17, 18, 22, 122, 136, 7, 18, 44, 16, 12, 12, 21, 32, 26, 21, 43, 25, 17, 16, 20, 22, 23, 14, 11, 18, 12, 21, 20, 21, 16, 20, 9, 19, 18, 13, 57, 14]
[18, 36, 20, 26, 16, 4, 19, 0, 11, 64, 49, 13, 28, 8, 3, 4, 8, 14, 29, 30, 28, 9, 26, 26, 28, 25, 26, 26, 28, 5, 26, 117, 131, 13, 8, 58, 33, 11, 16, 20, 32, 28, 32, 28, 25, 25, 27, 31, 38, 6, 26, 16, 32, 27, 29, 16, 29, 10, 31, 25, 2, 13, 22, 68, 8]
[7, 28, 11, 15, 8, 13, 11, 12, 0, 66, 51, 3, 22, 8, 13, 13, 6, 10, 22, 19, 19, 19, 18, 17, 24, 18, 15, 16, 18, 15, 16, 115, 129, 7, 18, 47, 24, 65, 5, 13, 26, 20, 21, 35, 17, 15, 16, 20, 28, 15, 15, 5, 21, 21, 19, 9, 18, 7, 21, 19, 14, 20, 11, 58, 6]
[57, 41, 60, 53, 46, 45, 60, 47, 50, 0, 6, 52, 71, 52, 47, 50, 48, 57, 48, 65, 69, 46, 64, 66, 72, 68, 57, 48, 62, 50, 48, 87, 103, 55, 53, 93, 70, 50, 52, 44, 44, 46, 62, 32, 46, 54, 62, 63, 74, 44, 61, 54, 67, 70, 59, 42, 58, 45, 67, 68, 48, 57, 56, 104, 48]
[55, 39, 58, 51, 45, 46, 60, 48, 51, 17, 0, 52, 69, 52, 48, 51, 49, 57, 46, 63, 67, 47, 62, 64, 72, 68, 55, 46, 60, 51, 46, 81, 99, 56, 54, 91, 68, 51, 50, 42, 42, 44, 60, 33, 44, 52, 60, 61, 72, 45, 59, 52, 65, 69, 57, 42, 56, 46, 65, 66, 49, 58, 54, 102, 49]
[7, 29, 11, 15, 9, 12, 10, 12, 4, 68, 53, 0, 21, 8, 12, 13, 6, 9, 23, 19, 19, 19, 17, 16, 23, 18, 15, 17, 17, 15, 17, 116, 130, 6, 18, 47, 23, 4, 6, 14, 27, 21, 21, 35, 18, 14, 16, 20, 28, 15, 14, 4, 20, 20, 18, 12, 18, 8, 20, 18, 13, 20, 11, 57, 5]
[17, 42, 11, 24, 27, 29, 12, 28, 23, 86, 70, 19, 0, 20, 29, 25, 23, 15, 35, 22, 8, 34, 13, 7, 11, 8, 23, 29, 21, 26, 29, 128, 142, 17, 26, 42, 12, 23, 20, 30, 39, 34, 25, 52, 33, 23, 20, 24, 17, 32, 18, 18, 21, 688, 25, 30, 25, 26, 22, 5, 27, 26, 21, 55, 24]
[13, 34, 13, 21, 13, 10, 11, 9, 7, 68, 53, 9, 20, 0, 10, 6, 4, 6, 27, 24, 21, 17, 19, 19, 21, 18, 21, 23, 24, 9, 23, 117, 131, 5, 11, 52, 26, 7, 12, 18, 31, 26, 27, 33, 23, 21, 22, 26, 31, 13, 21, 11, 25, 20, 25, 14, 24, 7, 26, 18, 9, 12, 17, 62, 4]
[18, 34, 21, 26, 16, 2, 20, 2, 11, 62, 46, 13, 29, 10, 0, 6, 9, 15, 27, 30, 29, 7, 27, 27, 30, 26, 26, 26, 28, 6, 26, 116, 129, 15, 9, 58, 33, 11, 16, 18, 30, 26, 32, 26, 23, 25, 27, 31, 39, 4, 25, 16, 31, 28, 29, 14, 29, 9, 31, 27, 4, 15, 22, 68, 8]
[18, 37, 18, 26, 16, 8, 17, 5, 11, 67, 51, 13, 26, 6, 6, 0, 7, 12, 31, 29, 27, 12, 24, 24, 26, 23, 26, 26, 28, 3, 26, 120, 133, 11, 6, 57, 31, 11, 16, 22, 35, 29, 32, 31, 26, 25, 26, 31, 37, 9, 25, 15, 30, 25, 29, 17, 29, 11, 31, 23, 4, 11, 22, 68, 7]
[11, 31, 15, 19, 10, 8, 14, 8, 4, 64, 49, 6, 23, 3, 8, 7, 0, 8, 24, 23, 23, 15, 21, 21, 24, 20, 19, 20, 21, 9, 20, 114, 128, 7, 12, 51, 27, 4, 9, 15, 28, 22, 25, 31, 20, 18, 20, 24, 32, 11, 19, 9, 25, 22, 23, 11, 22, 4, 24, 20, 9, 14, 15, 62, 747]
[13, 35, 11, 21, 15, 15, 7, 13, 11, 72, 57, 8, 17, 6, 14, 11, 8, 0, 29, 23, 18, 20, 16, 15, 18, 13, 21, 23, 23, 12, 23, 122, 136, 6, 12, 50, 22, 11, 12, 20, 33, 27, 26, 38, 24, 20, 21, 25, 28, 18, 20, 10, 24, 16, 24, 18, 24, 11, 25, 14, 13, 12, 17, 61, 9]
[20, 16, 25, 11, 15, 27, 28, 28, 22, 62, 46, 21, 36, 27, 28, 31, 24, 28, 0, 19, 28, 33, 22, 28, 42, 36, 14, 7, 17, 32, 7, 94, 108, 25, 35, 46, 27, 22, 19, 10, 4, 5, 15, 42, 5, 13, 17, 16, 28, 29, 18, 20, 20, 35, 12, 14, 18, 21, 20, 32, 30, 38, 16, 57, 23]
[12, 30, 15, 13, 23, 28, 17, 28, 20, 79, 63, 16, 22, 24, 28, 29, 22, 22, 19, 0, 14, 35, 8, 15, 28, 22, 10, 18, 3, 31, 18, 111, 125, 19, 33, 31, 12, 20, 16, 25, 23, 22, 6, 51, 21, 12, 3, 5, 12, 31, 5, 15, 4, 21, 7, 27, 13, 24, 4, 19, 29, 34, 12, 41, 21]
[14, 35, 9, 18, 24, 30, 12, 29, 21, 84, 68, 17, 8, 22, 30, 27, 23, 17, 28, 15, 0, 36, 6, 3, 17, 12, 16, 22, 14, 29, 22, 121, 135, 17, 29, 34, 4, 21, 17, 28, 32, 27, 18, 52, 26, 16, 13, 17, 10, 32, 11, 16, 15, 7, 18, 28, 19, 25, 15, 7, 29, 29, 15, 48, 23]
[24, 40, 27, 32, 22, 9, 25, 7, 17, 63, 48, 19, 34, 16, 8, 10, 14, 20, 34, 36, 35, 0, 33, 33, 34, 31, 32, 32, 34, 8, 32, 120, 134, 20, 11, 64, 39, 17, 22, 24, 38, 32, 38, 23, 29, 31, 33, 37, 45, 6, 32, 22, 38, 33, 35, 20, 35, 16, 37, 31, 8, 17, 28, 75, 14]
[11, 29, 7, 11, 22, 27, 10, 27, 18, 78, 62, 15, 13, 19, 27, 25, 21, 15, 22, 9, 6, 34, 0, 7, 21, 15, 10, 16, 8, 27, 16, 115, 129, 14, 27, 34, 7, 18, 15, 24, 26, 21, 12, 50, 20, 10, 7, 11, 13, 30, 5, 14, 9, 13, 12, 26, 13, 23, 11, 11, 27, 27, 11, 47, 20]
[11, 35, 6, 18, 22, 27, 9, 26, 18, 81, 65, 14, 8, 19, 27, 24, 20, 14, 29, 16, 4, 33, 7, 0, 15, 9, 17, 23, 15, 26, 23, 122, 136, 14, 26, 37, 8, 18, 14, 25, 33, 27, 19, 49, 26, 17, 14, 17, 13, 29, 11, 13, 15, 8, 19, 25, 18, 22, 16, 5, 26, 26, 14, 50, 20]
[17, 42, 12, 25, 23, 26, 11, 25, 19, 84, 68, 16, 7, 18, 26, 22, 20, 12, 36, 23, 11, 31, 14, 9, 0, 5, 24, 30, 22, 23, 30, 129, 143, 13, 23, 44, 16, 19, 19, 28, 40, 34, 26, 49, 32, 23, 21, 25, 21, 29, 19, 18, 23, 7, 26, 27, 25, 23, 24, 5, 24, 23, 21, 58, 20]
[23, 48, 18, 31, 29, 30, 17, 29, 25, 88, 73, 22, 10, 21, 30, 26, 24, 18, 42, 29, 16, 35, 20, 15, 6, 0, 30, 36, 28, 27, 36, 135, 149, 19, 27, 50, 20, 25, 25, 34, 46, 40, 32, 53, 38, 29, 27, 31, 26, 33, 25, 24, 29, 9, 32, 33, 31, 27, 30, 11, 28, 27, 27, 64, 25]
[10, 23, 14, 6, 17, 26, 17, 26, 17, 73, 56, 14, 23, 22, 26, 27, 20, 20, 14, 8, 15, 33, 10, 16, 30, 24, 0, 11, 5, 29, 11, 107, 121, 18, 32, 37, 15, 17, 14, 19, 18, 15, 6, 49, 15, 5, 5, 7, 18, 29, 5, 13, 10, 22, 4, 21, 7, 22, 10, 20, 27, 31, 5, 47, 19]
[14, 14, 18, 5, 13, 26, 21, 26, 16, 62, 46, 15, 29, 22, 26, 27, 20, 22, 6, 18, 22, 31, 16, 23, 36, 30, 10, 0, 15, 29, 51, 100, 114, 19, 32, 46, 23, 16, 12, 8, 10, 5, 16, 41, 4, 7, 15, 16, 28, 27, 14, 14, 20, 29, 12, 13, 12, 19, 20, 26, 27, 33, 9, 57, 19]
[11, 28, 14, 10, 22, 28, 17, 28, 19, 77, 61, 15, 21, 23, 28, 28, 22, 22, 17, 4, 14, 34, 8, 15, 28, 23, 7, 15, 0, 30, 15, 110, 124, 19, 33, 32, 13, 19, 16, 23, 21, 20, 4, 51, 19, 9, 2, 3, 13, 31, 4, 14, 6, 21, 5, 26, 11, 24, 5, 19, 29, 33, 10, 42, 21]
[20, 39, 21, 28, 18, 7, 17, 5, 13, 66, 50, 15, 26, 8, 6, 2, 9, 12, 33, 31, 28, 9, 26, 26, 27, 23, 28, 28, 30, 0, 28, 121, 134, 13, 4, 59, 33, 13, 18, 24, 36, 31, 34, 29, 28, 27, 29, 33, 38, 7, 27, 17, 32, 25, 31, 19, 31, 13, 33, 24, 3, 11, 24, 70, 9]
[14, 14, 18, 5, 13, 26, 21, 26, 16, 62, 46, 15, 29, 22, 26, 27, 20, 22, 6, 18, 22, 31, 16, 23, 36, 30, 10, 51, 15, 29, 0, 100, 114, 19, 32, 46, 23, 16, 12, 8, 10, 5, 16, 41, 4, 7, 15, 16, 28, 27, 14, 14, 20, 29, 12, 13, 12, 19, 20, 26, 27, 33, 9, 57, 19]
[103, 85, 107, 94, 96, 106, 110, 107, 104, 84, 75, 104, 118, 108, 107, 110, 105, 110, 83, 101, 111, 109, 105, 111, 125, 119, 97, 89, 99, 111, 89, 0, 24, 107, 114, 129, 110, 104, 101, 92, 79, 87, 97, 101, 88, 96, 100, 98, 110, 107, 101, 103, 102, 118, 95, 95, 100, 101, 102, 115, 109, 116, 98, 139, 104]
[111, 93, 115, 102, 104, 113, 118, 115, 112, 82, 80, 111, 126, 116, 115, 118, 112, 118, 91, 109, 119, 117, 113, 119, 133, 127, 105, 97, 107, 119, 97, 41, 0, 115, 122, 136, 118, 112, 109, 100, 87, 95, 105, 109, 96, 104, 108, 106, 118, 115, 108, 111, 110, 126, 103, 103, 108, 109, 110, 123, 116, 124, 106, 147, 112]
[9, 31, 8, 17, 12, 15, 7, 13, 8, 71, 56, 4, 17, 5, 14, 11, 7, 5, 25, 20, 17, 21, 14, 14, 20, 14, 17, 19, 19, 13, 19, 118, 132, 0, 14, 48, 21, 8, 8, 17, 29, 23, 23, 37, 20, 16, 17, 22, 26, 17, 16, 7, 20, 17, 21, 15, 20, 10, 21, 14, 13, 15, 13, 58, 8]
[24, 44, 23, 32, 23, 11, 19, 9, 17, 70, 55, 19, 28, 12, 10, 7, 13, 14, 37, 35, 30, 13, 29, 28, 29, 25, 32, 33, 34, 6, 33, 125, 139, 16, 0, 62, 35, 17, 22, 28, 40, 35, 38, 32, 33, 31, 33, 37, 40, 11, 32, 22, 35, 27, 35, 24, 35, 17, 37, 26, 7, 7, 28, 73, 14]
[41, 59, 40, 43, 53, 58, 43, 58, 49, 108, 92, 45, 42, 52, 58, 57, 51, 49, 47, 30, 35, 64, 34, 37, 51, 45, 40, 48, 33, 59, 48, 140, 154, 47, 61, 0, 30, 49, 46, 55, 51, 51, 34, 81, 50, 41, 32, 33, 25, 60, 34, 44, 29, 42, 37, 56, 42, 53, 29, 41, 59, 60, 42, 14, 51]
[17, 35, 13, 18, 28, 34, 16, 33, 25, 85, 68, 21, 12, 26, 34, 31, 27, 21, 27, 12, 5, 40, 7, 7, 21, 16, 17, 23, 13, 33, 23, 120, 134, 21, 33, 30, 0, 25, 21, 31, 31, 28, 16, 56, 27, 17, 11, 15, 6, 36, 11, 20, 12, 11, 16, 32, 19, 29, 12, 12, 33, 33, 17, 44, 27]
[7, 28, 11, 15, 8, 13, 11, 12, 65, 66, 51, 3, 22, 8, 13, 13, 6, 10, 22, 19, 19, 19, 18, 17, 24, 18, 15, 16, 18, 15, 16, 115, 129, 7, 18, 47, 24, 0, 5, 13, 26, 20, 21, 35, 17, 15, 16, 20, 28, 15, 15, 5, 21, 21, 19, 9, 18, 7, 21, 19, 14, 20, 11, 58, 6]
[4, 25, 8, 12, 8, 16, 11, 16, 5, 67, 51, 4, 19, 12, 16, 16, 10, 11, 18, 16, 17, 23, 15, 14, 25, 20, 13, 12, 15, 19, 12, 112, 126, 8, 21, 44, 21, 5, 0, 11, 22, 17, 19, 39, 14, 12, 13, 18, 25, 19, 12, 2, 18, 19, 16, 12, 16, 10, 18, 16, 17, 22, 9, 55, 9]
[15, 16, 18, 13, 5, 17, 20, 19, 13, 59, 42, 13, 29, 18, 19, 22, 15, 19, 10, 26, 27, 23, 24, 24, 34, 28, 18, 8, 23, 23, 8, 103, 117, 16, 26, 54, 31, 13, 10, 0, 14, 8, 23, 33, 5, 15, 23, 24, 35, 19, 22, 12, 27, 29, 19, 4, 19, 12, 27, 26, 20, 28, 14, 64, 14]
[24, 11, 29, 16, 19, 30, 32, 31, 26, 58, 42, 26, 39, 32, 32, 35, 28, 32, 4, 23, 32, 36, 26, 33, 46, 41, 18, 11, 21, 36, 11, 90, 104, 29, 39, 51, 31, 26, 23, 14, 0, 8, 19, 39, 10, 17, 21, 20, 32, 32, 22, 24, 24, 39, 17, 18, 22, 25, 24, 36, 33, 41, 20, 61, 28]
[17, 13, 21, 8, 11, 23, 24, 25, 19, 60, 44, 18, 32, 24, 25, 27, 21, 25, 4, 21, 25, 29, 19, 26, 39, 33, 13, 3, 18, 29, 3, 97, 111, 22, 32, 49, 26, 19, 15, 6, 8, 0, 17, 39, 2, 10, 18, 18, 30, 25, 17, 17, 23, 31, 14, 10, 14, 18, 22, 29, 26, 34, 12, 59, 20]
[15, 28, 18, 11, 23, 32, 21, 31, 23, 77, 61, 19, 25, 27, 32, 32, 25, 25, 15, 6, 18, 38, 12, 19, 32, 27, 8, 16, 4, 34, 16, 107, 121, 23, 37, 34, 17, 23, 20, 23, 19, 19, 0, 55, 19, 10, 6, 3, 15, 34, 8, 18, 7, 25, 5, 27, 12, 27, 7, 23, 33, 37, 11, 43, 25]
[40, 38, 44, 45, 33, 25, 43, 26, 33, 49, 34, 35, 52, 33, 26, 29, 31, 38, 42, 52, 52, 22, 50, 50, 53, 50, 48, 40, 50, 29, 40, 111, 124, 38, 32, 80, 56, 33, 38, 32, 39, 38, 54, 0, 37, 46, 49, 53, 61, 23, 48, 38, 54, 52, 51, 28, 50, 30, 53, 50, 27, 37, 44, 91, 30]
[17, 12, 21, 9, 9, 22, 24, 23, 17, 61, 45, 16, 32, 22, 23, 26, 19, 23, 6, 22, 26, 27, 20, 27, 38, 32, 14, 4, 19, 27, 4, 99, 113, 20, 30, 50, 27, 17, 13, 4, 10, 4, 19, 37, 0, 11, 19, 20, 31, 23, 18, 15, 23, 32, 15, 9, 15, 16, 23, 29, 25, 33, 13, 60, 18]
[8, 19, 13, 2, 13, 25, 16, 24, 15, 68, 52, 12, 23, 20, 25, 25, 18, 18, 13, 12, 16, 31, 10, 16, 30, 24, 4, 7, 9, 27, 7, 107, 121, 16, 30, 40, 17, 15, 12, 14, 17, 11, 10, 46, 10, 0, 9, 10, 21, 27, 8, 11, 14, 23, 6, 18, 5, 19, 14, 20, 26, 30, 4, 51, 18]
[10, 28, 13, 11, 21, 26, 15, 26, 17, 77, 61, 14, 20, 22, 26, 27, 20, 20, 17, 4, 13, 33, 7, 13, 27, 21, 8, 16, 2, 29, 16, 110, 124, 18, 32, 32, 11, 17, 14, 23, 21, 20, 6, 49, 19, 10, 0, 5, 12, 29, 3, 13, 6, 20, 6, 25, 11, 22, 5, 18, 27, 31, 10, 42, 19]
[14, 29, 16, 12, 23, 31, 19, 30, 22, 77, 61, 18, 24, 26, 31, 31, 24, 24, 15, 4, 17, 37, 11, 17, 31, 25, 8, 16, 3, 33, 16, 108, 122, 22, 36, 32, 15, 22, 19, 24, 19, 19, 2, 54, 19, 10, 5, 0, 13, 33, 7, 17, 5, 24, 5, 27, 12, 26, 5, 22, 32, 36, 11, 41, 24]
[22, 40, 18, 23, 33, 38, 21, 38, 29, 89, 72, 26, 17, 31, 38, 37, 32, 27, 27, 10, 10, 45, 13, 13, 26, 21, 20, 28, 13, 39, 28, 120, 134, 26, 39, 25, 6, 29, 26, 35, 31, 31, 14, 61, 31, 21, 12, 13, 0, 41, 15, 25, 9, 17, 17, 37, 23, 34, 9, 17, 39, 38, 22, 38, 31]
[20, 35, 23, 28, 17, 3, 23, 5, 13, 61, 45, 15, 32, 13, 5, 8, 11, 18, 28, 31, 32, 7, 30, 29, 33, 29, 28, 27, 30, 8, 27, 118, 130, 17, 11, 59, 36, 13, 18, 19, 32, 26, 34, 24, 23, 27, 29, 33, 41, 0, 27, 17, 33, 31, 31, 15, 31, 11, 33, 30, 6, 17, 24, 70, 10]
[8, 27, 10, 9, 20, 25, 13, 24, 16, 76, 60, 12, 18, 20, 25, 25, 18, 18, 18, 6, 11, 31, 5, 11, 25, 19, 7, 14, 4, 27, 14, 111, 125, 16, 30, 34, 11, 16, 13, 22, 22, 19, 8, 48, 18, 8, 3, 7, 14, 27, 0, 11, 8, 18, 7, 23, 11, 20, 7, 16, 26, 30, 9, 44, 18]
[3, 27, 7, 11, 13, 18, 10, 18, 9, 71, 55, 6, 17, 14, 18, 18, 12, 12, 21, 15, 15, 25, 13, 12, 24, 18, 11, 15, 13, 21, 15, 114, 128, 9, 24, 43, 19, 9, 6, 15, 25, 19, 17, 41, 17, 10, 12, 16, 24, 21, 10, 0, 16, 17, 14, 17, 14, 14, 16, 14, 19, 24, 7, 53, 11]
[13, 31, 15, 14, 24, 29, 18, 29, 21, 80, 64, 17, 22, 25, 29, 30, 23, 23, 19, 2, 15, 36, 9, 15, 29, 23, 11, 19, 4, 32, 19, 111, 125, 20, 34, 30, 12, 21, 17, 26, 23, 23, 6, 52, 22, 13, 4, 4, 11, 32, 6, 16, 0, 21, 8, 28, 14, 25, 3, 19, 30, 35, 13, 40, 22]
[16, 41, 11, 24, 26, 29, 12, 27, 22, 86, 69, 19, 657, 20, 28, 24, 23, 15, 34, 21, 7, 34, 13, 7, 10, 8, 23, 29, 21, 26, 29, 128, 142, 16, 25, 41, 11, 22, 19, 29, 38, 33, 24, 52, 32, 22, 20, 23, 17, 31, 17, 18, 21, 0, 24, 30, 25, 26, 22, 4, 27, 25, 20, 55, 23]
[12, 25, 17, 8, 19, 29, 20, 28, 20, 74, 58, 16, 25, 24, 29, 29, 22, 23, 13, 8, 17, 35, 11, 18, 32, 26, 5, 12, 5, 31, 12, 106, 120, 20, 34, 36, 16, 20, 17, 20, 17, 16, 5, 52, 15, 6, 6, 5, 17, 31, 7, 15, 9, 24, 0, 24, 8, 24, 9, 22, 30, 34, 8, 46, 22]
[16, 20, 19, 17, 5, 13, 19, 15, 9, 58, 42, 11, 30, 14, 15, 17, 11, 18, 14, 27, 28, 19, 26, 25, 33, 27, 21, 13, 26, 19, 13, 106, 120, 15, 22, 56, 32, 9, 12, 5, 18, 12, 27, 29, 9, 18, 25, 28, 37, 15, 23, 13, 29, 30, 23, 0, 23, 8, 29, 27, 16, 24, 17, 66, 10]
[11, 17, 15, 2, 14, 27, 18, 27, 16, 66, 50, 15, 26, 23, 27, 28, 21, 21, 12, 16, 19, 34, 13, 20, 33, 27, 7, 6, 13, 30, 6, 106, 120, 19, 33, 44, 20, 16, 13, 12, 16, 10, 13, 45, 8, 4, 13, 14, 25, 30, 11, 14, 17, 26, 9, 17, 0, 20, 17, 23, 28, 33, 6, 54, 20]
[13, 27, 17, 19, 8, 8, 16, 9, 6, 61, 45, 8, 27, 7, 10, 11, 4, 12, 21, 25, 25, 15, 23, 22, 28, 24, 21, 20, 23, 13, 20, 110, 124, 11, 16, 53, 29, 6, 10, 12, 25, 19, 27, 29, 16, 19, 22, 26, 34, 11, 20, 11, 27, 26, 24, 8, 24, 0, 26, 24, 11, 18, 17, 63, 3]
[16, 34, 16, 17, 27, 32, 19, 32, 23, 83, 67, 20, 21, 27, 32, 32, 26, 25, 21, 4, 14, 39, 10, 15, 29, 23, 14, 22, 7, 34, 22, 114, 128, 22, 36, 28, 11, 23, 20, 29, 25, 25, 8, 55, 25, 15, 6, 7, 8, 35, 9, 19, 3, 21, 11, 31, 17, 28, 0, 19, 33, 36, 16, 41, 25]
[13, 39, 8, 22, 22, 26, 7, 24, 19, 83, 67, 15, 5, 17, 25, 21, 19, 11, 33, 20, 8, 31, 11, 5, 11, 6, 21, 26, 19, 23, 26, 126, 140, 13, 22, 41, 12, 19, 16, 27, 37, 31, 23, 49, 30, 21, 18, 21, 17, 28, 16, 15, 19, 5, 23, 26, 22, 22, 20, 0, 24, 22, 18, 54, 20]
[20, 38, 22, 28, 18, 6, 19, 3, 13, 64, 49, 15, 28, 10, 4, 4, 10, 13, 31, 31, 30, 8, 28, 27, 28, 25, 28, 28, 30, 3, 28, 119, 133, 15, 6, 60, 34, 13, 18, 22, 34, 30, 34, 27, 27, 27, 29, 33, 40, 6, 27, 17, 33, 27, 31, 18, 31, 12, 33, 25, 0, 12, 24, 70, 10]
[24, 45, 22, 32, 24, 16, 18, 14, 18, 74, 59, 19, 26, 12, 15, 10, 14, 13, 38, 35, 29, 18, 28, 27, 27, 24, 32, 34, 34, 12, 34, 126, 140, 15, 9, 61, 34, 18, 23, 29, 41, 36, 38, 38, 33, 31, 32, 37, 39, 18, 31, 22, 35, 26, 35, 25, 35, 18, 36, 24, 13, 0, 28, 73, 15]
[6, 21, 10, 4, 12, 22, 13, 22, 13, 70, 54, 10, 21, 18, 22, 22, 16, 16, 15, 13, 17, 29, 11, 16, 28, 22, 5, 9, 10, 25, 9, 109, 123, 13, 28, 41, 18, 13, 10, 14, 19, 13, 11, 45, 12, 4, 10, 12, 22, 25, 9, 9, 15, 20, 9, 16, 8, 18, 15, 18, 23, 27, 0, 52, 15]
[51, 69, 53, 53, 63, 68, 55, 67, 59, 118, 102, 55, 54, 62, 68, 68, 61, 60, 56, 40, 46, 74, 46, 48, 62, 57, 49, 58, 42, 70, 58, 149, 163, 57, 71, 14, 42, 59, 56, 64, 60, 60, 43, 91, 60, 51, 42, 41, 36, 70, 44, 54, 41, 53, 46, 66, 52, 63, 41, 53, 69, 72, 52, 0, 61]
[10, 30, 14, 18, 9, 8, 14, 7, 3, 64, 49, 6, 24, 4, 8, 8, 746, 9, 24, 22, 22, 14, 21, 20, 24, 21, 18, 19, 21, 10, 19, 113, 127, 8, 13, 50, 27, 3, 8, 14, 28, 22, 24, 31, 19, 18, 19, 23, 31, 10, 18, 8, 24, 23, 22, 10, 21, 3, 24, 21, 9, 14, 14, 61, 0]
