朝阳左安东路加油站 [36000, 36000]
郁花园加油站 [0, 12000]
朝阳柳村北加油站 [33000, 27000]
瀛海加油站 [9000, 0]
于家坟加油站 [12000, 0]
崇文门加油站 [12000, 21000]
凯利加油站 [23000, 12000]
卫星城加油站 [12000, 12000]
大兴燕开兴加油站 [12000, 0]
工业区加油站 [21000, 12000]
公安部撬装站 [0, 9000]
聚福锦余加油站 [12000, 0]
丰华加油站 [22000, 0]
中垦丰南加油站 [23000, 0]
丰北加油站 [12000, 24000]
牛街加油站 [10000, 8000]
分钟寺加油站 [12000, 23000]
宣武门加油站 [19000, 36000]
万泉寺加油站 [24000, 0]
京铁诚加油站 [12000, 12000]
长子营加油站 [24000, 0]
安固加油站 [24000, 12000]
三元旧宫加油站 [12000, 0]
石顺开加油站 [12000, 11000]
陶然桥加油站 [12000, 9000]
三元朝阳加油站 [24000, 0]
三元和义加油站 [24000, 0]
旧宫东大桥加油站 [12000, 12000]
燕海加油站 [12000, 12000]
腾达加油站 [11000, 0]
朝阳京侨加油站 [11000, 4000]
朝阳劲松加油站 [11000, 12000]
朝阳观音堂西站 [4000, 0]
朝阳观音堂东站 [8000, 0]
朝阳城市联建加油站 [12000, 0]
燕通加油站 [12000, 0]
于觅路加油站 [17000, 0]
华电加油站 [10000, 10000]
红远洋加油站 [12000, 12000]
丰玉泉加油站 [0, 12000]
鹿圈加油站 [10000, 10000]
朝阳十八里店加油站 [20000, 20000]
黄村加油站 [12000, 0]
成寿寺加油站 [24000, 10000]
永定加油站 [10000, 10000]
丰台天利加油站 [24000, 10000]
金星加油站 [12000, 10000]
朝阳南辛庄加油站 [10000, 11000]
京AC9948 2 12000 0
京AM5864 2 12000 1
京G85420 1 9000 2
京ACA623 2 12000 3
京AP3103 2 12000 4
京AP3129 2 12000 5
京AP3131 2 12000 6
京AX2127 4 8000 7
京AX1685 2 12000 8
京AP3127 2 12000 9
京AP3121 2 12000 10
京AC9952 2 12000 11
京AC9955 2 12000 12
[0, 27, 10, 16, 15, 23, 28, 14, 5, 12, 7, 9, 37, 19, 13, 23, 22, 26, 24, 19, 19, 25, 16, 19, 4, 23, 41, 17, 19, 6, 33, 33, 27, 35, 35, 30, 43, 48, 22, 8, 16, 26, 25, 7, 25, 29, 24, 11, 23]
[27, 0, 20, 13, 13, 4, 7, 16, 23, 15, 20, 29, 30, 9, 14, 18, 11, 2, 11, 12, 10, 26, 32, 9, 28, 8, 19, 10, 9, 25, 16, 12, 2, 11, 11, 4, 35, 40, 17, 20, 12, 2, 7, 31, 3, 22, 7, 17, 6]
[10, 19, 0, 8, 12, 16, 20, 14, 6, 4, 4, 11, 38, 11, 5, 14, 14, 19, 17, 11, 11, 30, 24, 13, 10, 15, 37, 9, 13, 6, 29, 29, 19, 29, 29, 22, 44, 48, 21, 3, 9, 19, 18, 13, 17, 19, 16, 5, 15]
[17, 13, 9, 0, 15, 11, 14, 18, 13, 8, 10, 17, 42, 7, 4, 10, 8, 13, 11, 5, 5, 34, 31, 14, 18, 9, 32, 9, 14, 14, 29, 25, 14, 24, 24, 16, 48, 52, 25, 10, 3, 13, 15, 21, 11, 15, 10, 10, 12]
[15, 13, 12, 15, 0, 11, 16, 3, 11, 11, 9, 17, 27, 12, 12, 25, 18, 12, 19, 18, 15, 20, 19, 5, 16, 16, 27, 8, 5, 13, 20, 19, 14, 21, 21, 16, 33, 38, 10, 10, 16, 12, 11, 19, 12, 30, 15, 7, 8]
[24, 4, 17, 10, 11, 0, 7, 14, 20, 12, 17, 26, 32, 6, 11, 17, 9, 3, 10, 10, 8, 27, 30, 7, 25, 7, 22, 7, 7, 21, 19, 15, 4, 14, 14, 7, 38, 43, 18, 17, 10, 3, 6, 28, 2, 21, 5, 13, 4]
[29, 6, 22, 15, 17, 7, 0, 19, 25, 17, 22, 30, 35, 10, 16, 15, 8, 7, 6, 11, 11, 32, 36, 13, 30, 7, 19, 12, 13, 26, 22, 15, 6, 12, 12, 7, 40, 45, 23, 21, 13, 7, 12, 33, 6, 17, 7, 18, 10]
[15, 15, 14, 18, 3, 14, 19, 0, 11, 13, 11, 17, 27, 14, 15, 27, 20, 15, 22, 20, 18, 17, 17, 7, 16, 18, 29, 11, 8, 13, 20, 22, 16, 24, 24, 18, 33, 37, 10, 12, 18, 15, 13, 18, 14, 32, 17, 9, 11]
[4, 23, 6, 13, 11, 20, 24, 11, 0, 8, 4, 7, 37, 15, 10, 20, 18, 23, 21, 16, 16, 26, 19, 15, 5, 19, 37, 13, 16, 2, 30, 30, 23, 32, 32, 26, 42, 47, 20, 4, 13, 23, 22, 8, 21, 25, 20, 7, 19]
[13, 15, 5, 8, 10, 12, 16, 13, 9, 0, 6, 15, 37, 7, 4, 17, 11, 15, 13, 11, 8, 30, 26, 9, 14, 11, 33, 5, 10, 10, 25, 25, 15, 25, 25, 18, 43, 48, 20, 6, 8, 15, 14, 17, 13, 22, 12, 4, 11]
[8, 20, 3, 10, 9, 17, 21, 12, 4, 5, 0, 11, 36, 12, 7, 17, 15, 20, 18, 13, 13, 28, 23, 13, 9, 16, 35, 10, 14, 6, 28, 28, 20, 29, 29, 23, 42, 46, 18, 1, 10, 20, 19, 12, 18, 23, 17, 4, 16]
[10, 30, 12, 18, 19, 27, 31, 18, 9, 15, 11, 0, 43, 22, 16, 22, 24, 29, 27, 22, 22, 32, 23, 23, 6, 26, 45, 20, 23, 7, 38, 37, 30, 39, 39, 33, 49, 53, 27, 11, 19, 29, 29, 8, 28, 27, 26, 14, 26]
[38, 31, 38, 40, 27, 34, 35, 27, 37, 38, 36, 42, 0, 37, 39, 47, 40, 32, 39, 42, 40, 13, 28, 29, 39, 38, 27, 35, 29, 38, 21, 27, 32, 29, 29, 30, 6, 11, 19, 36, 41, 32, 32, 38, 33, 50, 37, 33, 31]
[20, 8, 13, 6, 12, 6, 9, 15, 16, 8, 13, 22, 37, 0, 7, 13, 6, 8, 8, 6, 4, 30, 31, 10, 21, 4, 27, 5, 10, 17, 24, 20, 9, 19, 19, 11, 43, 47, 21, 12, 5, 8, 10, 24, 7, 18, 5, 9, 7]
[15, 14, 8, 4, 12, 11, 15, 15, 11, 4, 9, 17, 39, 6, 0, 13, 9, 14, 12, 6, 7, 31, 29, 10, 16, 10, 32, 7, 11, 13, 27, 25, 14, 24, 24, 17, 45, 49, 21, 8, 4, 14, 13, 19, 12, 18, 11, 7, 11]
[22, 16, 14, 10, 22, 15, 15, 25, 18, 14, 16, 20, 45, 12, 11, 0, 9, 17, 11, 7, 10, 41, 37, 21, 23, 11, 33, 15, 21, 18, 32, 27, 15, 26, 26, 19, 51, 56, 32, 15, 8, 17, 21, 26, 16, 8, 12, 17, 18]
[22, 10, 15, 8, 18, 9, 7, 20, 18, 11, 16, 24, 39, 7, 10, 9, 0, 11, 3, 4, 4, 36, 36, 15, 23, 4, 25, 10, 15, 20, 26, 20, 9, 17, 17, 11, 45, 49, 26, 15, 6, 11, 15, 26, 10, 12, 6, 14, 13]
[25, 3, 19, 12, 12, 2, 7, 15, 21, 14, 19, 28, 32, 7, 13, 17, 10, 0, 11, 10, 9, 27, 31, 8, 26, 7, 21, 9, 8, 24, 19, 14, 3, 13, 13, 6, 37, 42, 18, 18, 11, 1, 7, 29, 1, 22, 6, 15, 5]
[25, 10, 18, 11, 19, 10, 4, 21, 21, 13, 18, 27, 38, 7, 12, 11, 4, 11, 0, 8, 8, 36, 37, 16, 26, 4, 22, 11, 16, 23, 25, 18, 9, 16, 16, 11, 44, 49, 27, 18, 9, 11, 15, 29, 10, 12, 6, 16, 13]
[18, 11, 11, 4, 17, 9, 11, 19, 14, 9, 12, 20, 40, 6, 6, 9, 5, 11, 8, 0, 4, 36, 33, 15, 19, 6, 29, 10, 15, 16, 27, 23, 11, 22, 22, 14, 46, 51, 26, 11, 3, 11, 15, 22, 10, 14, 7, 12, 13]
[20, 10, 12, 5, 15, 8, 11, 18, 16, 9, 13, 21, 39, 4, 7, 11, 5, 10, 7, 4, 0, 34, 33, 13, 21, 6, 28, 8, 13, 17, 26, 21, 10, 21, 21, 13, 44, 49, 24, 12, 4, 10, 13, 23, 8, 16, 7, 12, 11]
[25, 26, 30, 33, 19, 27, 33, 17, 26, 30, 28, 31, 13, 30, 31, 42, 35, 27, 36, 36, 33, 0, 16, 22, 26, 33, 32, 27, 21, 28, 23, 28, 28, 30, 30, 27, 19, 24, 12, 28, 34, 27, 26, 25, 27, 48, 31, 26, 24]
[16, 32, 24, 31, 19, 30, 35, 17, 19, 26, 22, 24, 28, 30, 28, 38, 35, 31, 37, 34, 32, 16, 0, 24, 17, 34, 44, 27, 24, 20, 34, 38, 33, 40, 40, 35, 34, 37, 22, 22, 31, 31, 30, 16, 31, 43, 33, 22, 27]
[19, 8, 14, 12, 5, 7, 13, 7, 15, 9, 13, 22, 29, 9, 10, 22, 15, 8, 16, 15, 12, 22, 24, 0, 20, 12, 24, 6, 1, 17, 17, 17, 9, 17, 17, 11, 35, 40, 12, 13, 13, 8, 6, 23, 8, 27, 11, 10, 4]
[3, 28, 11, 17, 16, 25, 29, 15, 6, 13, 8, 8, 39, 20, 14, 25, 23, 27, 25, 20, 20, 26, 17, 20, 0, 24, 42, 18, 20, 7, 34, 34, 28, 36, 36, 31, 45, 50, 23, 9, 18, 27, 26, 3, 26, 30, 25, 12, 24]
[22, 8, 15, 8, 17, 8, 8, 19, 18, 10, 15, 24, 38, 5, 9, 10, 3, 9, 4, 5, 4, 34, 35, 14, 23, 0, 26, 9, 14, 20, 25, 20, 8, 18, 18, 11, 43, 48, 25, 15, 6, 9, 14, 26, 8, 15, 4, 13, 11]
[39, 17, 35, 30, 25, 20, 17, 27, 35, 30, 33, 42, 28, 25, 31, 31, 24, 18, 21, 27, 27, 32, 44, 22, 40, 23, 0, 27, 21, 37, 10, 6, 17, 8, 8, 15, 32, 36, 26, 33, 29, 18, 22, 43, 19, 31, 23, 31, 21]
[17, 10, 10, 8, 8, 7, 11, 11, 13, 5, 10, 20, 35, 4, 7, 17, 10, 10, 12, 10, 7, 27, 27, 6, 18, 8, 28, 0, 7, 15, 23, 21, 10, 20, 20, 13, 41, 45, 18, 10, 8, 10, 9, 21, 8, 22, 7, 7, 6]
[19, 8, 14, 13, 5, 7, 13, 8, 15, 10, 13, 22, 28, 9, 11, 22, 15, 8, 16, 15, 13, 21, 24, 1, 21, 13, 23, 7, 0, 18, 16, 16, 9, 17, 17, 11, 34, 39, 12, 14, 13, 8, 6, 23, 7, 27, 11, 11, 4]
[6, 24, 5, 13, 13, 21, 25, 12, 2, 9, 5, 6, 38, 16, 10, 18, 19, 23, 22, 16, 16, 28, 20, 17, 6, 20, 39, 14, 17, 0, 31, 31, 24, 33, 33, 27, 44, 49, 21, 5, 14, 23, 22, 9, 22, 23, 21, 8, 20]
[33, 17, 31, 27, 20, 20, 22, 20, 30, 26, 28, 37, 20, 24, 27, 34, 26, 18, 26, 28, 27, 23, 34, 17, 34, 24, 10, 23, 16, 32, 0, 9, 18, 12, 12, 16, 26, 31, 16, 28, 28, 18, 19, 36, 19, 37, 24, 26, 18]
[33, 11, 30, 24, 19, 15, 15, 22, 29, 25, 27, 36, 26, 20, 25, 27, 20, 13, 19, 23, 21, 28, 38, 16, 34, 19, 8, 21, 15, 32, 8, 0, 13, 5, 5, 10, 31, 36, 21, 28, 23, 13, 16, 37, 14, 30, 18, 25, 15]
[29, 3, 22, 15, 15, 5, 5, 17, 25, 17, 22, 31, 32, 10, 16, 17, 9, 4, 9, 12, 12, 29, 34, 10, 30, 7, 19, 12, 10, 27, 19, 14, 0, 11, 11, 4, 37, 42, 20, 22, 13, 4, 10, 33, 5, 20, 8, 19, 7]
[32, 10, 28, 23, 18, 13, 15, 20, 28, 23, 26, 35, 25, 18, 24, 27, 20, 12, 19, 22, 20, 27, 37, 15, 33, 18, 10, 20, 14, 30, 11, 3, 12, 0, 1, 9, 31, 36, 21, 26, 22, 12, 15, 36, 12, 30, 17, 24, 14]
[32, 10, 28, 23, 18, 13, 15, 20, 28, 23, 26, 35, 25, 18, 24, 27, 20, 12, 19, 22, 20, 27, 37, 15, 33, 18, 10, 20, 14, 30, 11, 3, 12, 1, 0, 9, 31, 36, 21, 26, 22, 12, 15, 36, 12, 30, 17, 24, 14]
[30, 3, 23, 16, 15, 6, 8, 18, 26, 18, 23, 32, 29, 11, 17, 20, 12, 4, 12, 14, 13, 27, 34, 11, 31, 10, 17, 13, 11, 28, 16, 11, 3, 9, 9, 0, 34, 39, 19, 23, 15, 4, 9, 33, 5, 23, 10, 19, 8]
[43, 36, 44, 46, 33, 39, 41, 32, 42, 43, 42, 48, 6, 43, 45, 53, 45, 37, 45, 47, 46, 19, 34, 35, 45, 43, 31, 41, 34, 44, 26, 32, 37, 35, 35, 35, 0, 5, 25, 42, 47, 37, 37, 43, 38, 56, 42, 39, 37]
[48, 41, 48, 51, 37, 44, 45, 37, 47, 48, 46, 53, 11, 47, 49, 57, 50, 42, 49, 52, 50, 24, 37, 40, 49, 48, 35, 45, 39, 49, 31, 37, 42, 39, 39, 40, 5, 0, 30, 46, 51, 42, 42, 48, 43, 60, 47, 44, 42]
[19, 18, 21, 24, 10, 18, 24, 7, 17, 20, 19, 23, 22, 20, 22, 33, 26, 18, 27, 26, 24, 14, 20, 12, 20, 23, 27, 18, 12, 19, 17, 22, 20, 24, 24, 19, 28, 32, 0, 19, 24, 18, 17, 22, 18, 38, 22, 16, 15]
[9, 19, 3, 9, 10, 16, 20, 12, 5, 4, 2, 11, 36, 11, 6, 16, 14, 19, 17, 12, 12, 29, 23, 13, 10, 15, 36, 9, 14, 7, 29, 28, 19, 29, 29, 22, 42, 47, 19, 0, 9, 19, 18, 13, 17, 22, 16, 4, 15]
[18, 11, 10, 3, 16, 9, 12, 18, 14, 8, 11, 19, 40, 5, 5, 10, 6, 11, 9, 3, 3, 34, 32, 13, 19, 7, 30, 8, 14, 15, 27, 22, 11, 22, 22, 14, 45, 50, 25, 10, 0, 11, 13, 22, 9, 15, 8, 11, 11]
[25, 3, 19, 12, 12, 2, 7, 15, 21, 14, 19, 28, 32, 7, 13, 17, 10, 1, 11, 10, 9, 27, 31, 8, 26, 7, 21, 9, 8, 24, 19, 14, 3, 13, 13, 6, 37, 42, 18, 18, 11, 0, 7, 29, 1, 22, 6, 15, 5]
[29, 7, 23, 17, 15, 10, 13, 17, 25, 18, 23, 32, 29, 13, 17, 24, 17, 8, 17, 18, 16, 26, 34, 11, 30, 14, 20, 13, 10, 27, 16, 12, 8, 12, 12, 6, 34, 39, 18, 23, 17, 8, 0, 33, 9, 28, 14, 20, 8]
[7, 31, 13, 21, 20, 28, 32, 19, 9, 16, 12, 10, 38, 23, 18, 27, 27, 31, 29, 24, 24, 25, 17, 23, 4, 27, 45, 21, 24, 9, 36, 38, 31, 40, 40, 34, 44, 49, 25, 12, 21, 31, 30, 0, 29, 32, 28, 15, 27]
[25, 2, 19, 12, 11, 2, 7, 14, 21, 14, 19, 28, 31, 7, 13, 17, 10, 2, 11, 10, 9, 26, 30, 7, 26, 7, 20, 9, 7, 23, 18, 13, 4, 13, 13, 5, 36, 41, 17, 18, 11, 2, 6, 29, 0, 22, 6, 15, 4]
[28, 20, 19, 14, 27, 20, 14, 30, 24, 20, 21, 25, 49, 17, 16, 5, 12, 21, 11, 13, 15, 46, 42, 26, 28, 15, 31, 21, 26, 23, 36, 29, 20, 26, 26, 22, 55, 59, 37, 21, 13, 21, 26, 31, 21, 0, 17, 23, 23]
[25, 4, 17, 11, 13, 4, 5, 16, 21, 13, 18, 26, 34, 6, 12, 13, 6, 5, 7, 8, 7, 30, 33, 11, 26, 3, 23, 8, 11, 23, 21, 16, 4, 15, 15, 7, 39, 44, 21, 17, 9, 5, 10, 29, 4, 18, 0, 14, 8]
[11, 17, 5, 10, 7, 13, 18, 9, 7, 4, 4, 14, 33, 9, 7, 19, 13, 16, 15, 13, 11, 26, 22, 10, 12, 13, 32, 7, 11, 9, 26, 25, 17, 26, 26, 20, 39, 44, 16, 4, 11, 16, 15, 15, 15, 24, 14, 0, 13]
[24, 5, 17, 11, 10, 5, 11, 12, 20, 13, 18, 27, 31, 8, 12, 21, 14, 5, 15, 14, 11, 24, 29, 5, 25, 11, 22, 8, 5, 22, 18, 15, 7, 14, 14, 8, 37, 41, 15, 17, 12, 5, 3, 28, 5, 26, 10, 14, 0]
