TRIPS: 4
VEHICLES: 3
NRSTATIONS: 8
NRCOMPARTMENTS: 4
CAPACITY: 8000
NRPRODUCTS: 2
DEMANDS SECTION <customer_id> <demand_p1> <demand_p2> ... <demand_NRPRODUCTS>
0 0 0
1 14500 26000
2 0 37000
3 0 29500
4 0 15000
5 0 21500
6 14000 15000
7 0 14100
8 0 22000
9 0 0
DISTANCE SECTION (full distance matrix, 0=depot, 1, 2, ..., NRSTATION)
0 12700 12000 11800 23500 9900 4900 2200 16800 0
12700 0 7635 22172 32324 20346 12443 12042 29199 12700
12000 7635 0 17370 25980 21684 14542 12701 25928 12000
11800 22172 17370 0 11824 16956 16360 13914 9604 11800
23500 32324 25980 11824 0 28222 28165 25659 15084 23500
9900 20346 21684 16956 28222 0 7903 9009 16082 9900
4900 12443 14542 16360 28165 7903 0 2738 19755 4900
2200 12042 12701 13914 25659 9009 2738 0 18256 2200
16800 29199 25928 9604 15084 16082 19755 18256 0 16800
0 12700 12000 11800 23500 9900 4900 2200 16800 0
