TRIPS: 5
VEHICLES: 3
NRSTATIONS: 6
NRCOMPARTMENTS: 3
CAPACITY: 8000
NRPRODUCTS: 3
DEMANDS SECTION <customer_id> <demand_p1> <demand_p2> ... <demand_NRPRODUCTS>
0 0 0 0
1 14500 26000 26000
2 0 37000 7500
3 0 29500 15000
4 0 15000 11000
5 0 21500 13500
6 14000 15000 0
7 0 0 0
DISTANCE SECTION (full distance matrix, 0=depot, 1, 2, ..., NRSTATION)
0 12700 12000 11800 23500 9900 4900 0
12700 0 7635 22172 32324 20346 12443 12700
12000 7635 0 17370 25980 21684 14542 12000
11800 22172 17370 0 11824 16956 16360 11800
23500 32324 25980 11824 0 28222 28165 23500
9900 20346 21684 16956 28222 0 7903 9900
4900 12443 14542 16360 28165 7903 0 4900
0 12700 12000 11800 23500 9900 4900 0
