TRIPS: 5
VEHICLES: 3
NRSTATIONS: 12
NRCOMPARTMENTS: 4
CAPACITY: 8000
NRPRODUCTS: 2
DEMANDS SECTION <customer_id> <demand_p1> <demand_p2> ... <demand_NRPRODUCTS>
0 0 0
1 14500 26000
2 0 37000
3 0 29500
4 0 15000
5 0 21500
6 14000 15000
7 0 14100
8 0 22000
9 0 11000
10 0 14000
11 0 17500
12 14100 26000
13 0 0
DISTANCE SECTION (full distance matrix, 0=depot, 1, 2, ..., NRSTATION)
0 12700 12000 11800 23500 9900 4900 2200 16800 5900 15700 13400 12300 0
12700 0 7635 22172 32324 20346 12443 12042 29199 18595 5213 10210 24998 12700
12000 7635 0 17370 25980 21684 14542 12701 25928 17249 12844 2632 23025 12000
11800 22172 17370 0 11824 16956 16360 13914 9604 9524 26389 16847 10001 11800
23500 32324 25980 11824 0 28222 28165 25659 15084 21090 37051 24458 19261 23500
9900 20346 21684 16956 28222 0 7903 9009 16082 7514 21304 23267 10209 9900
4900 12443 14542 16360 28165 7903 0 2738 19755 8376 13785 16515 14410 4900
2200 12042 12701 13914 25659 9009 2738 0 18256 6946 14399 14427 13333 2200
16800 29199 25928 9604 15084 16082 19755 18256 0 11403 32499 25880 5878 16800
5900 18595 17249 9524 21090 7514 8376 6946 11403 0 21334 18160 6431 5900
15700 5213 12844 26389 37051 21304 13785 14399 32499 21334 0 15400 27732 15700
13400 10210 2632 16847 24458 23267 16515 14427 25880 18160 15400 0 23540 13400
12300 24998 23025 10001 19261 10209 14410 13333 5878 6431 27732 23540 0 12300
0 12700 12000 11800 23500 9900 4900 2200 16800 5900 15700 13400 12300 0
