TRIPS: 3
VEHICLES: 3
NRSTATIONS: 5
NRCOMPARTMENTS: 3
CAPACITY: 8000
NRPRODUCTS: 2
DEMANDS SECTION <customer_id> <demand_p1> <demand_p2> ... <demand_NRPRODUCTS>
0 0 0
1 14500 26000
2 0 37000
3 0 29500
4 0 15000
5 0 21500
6 0 0
DISTANCE SECTION (full distance matrix, 0=depot, 1, 2, ..., NRSTATION)
0 12700 12000 11800 23500 9900 0
12700 0 7635 22172 32324 20346 12700
12000 7635 0 17370 25980 21684 12000
11800 22172 17370 0 11824 16956 11800
23500 32324 25980 11824 0 28222 23500
9900 20346 21684 16956 28222 0 9900
0 12700 12000 11800 23500 9900 0
