TRIPS: 6
VEHICLES: 15
NRSTATIONS: 50
NRCOMPARTMENTS: 3
CAPACITY: 8000
NRPRODUCTS: 2
VEHICLE SECTION <compartment number> <capacity> <vehicle_id>
2 13 0
2 13 1
2 11 2
2 11 3
2 12 4
2 12 5
1 5 6
2 12 7
2 11 8
2 12 9
2 12 10
2 12 11
2 12 12
2 13 13
2 13 14
DEMANDS SECTION <customer_id> <demand_p1> <demand_p2> ... <demand_NRPRODUCTS>
0 0 0
1 62000 24000
2 12000 0
3 13000 0
4 13000 0
5 13000 0
6 24000 0
7 9000 0
8 22000 0
9 11000 0
10 17000 0
11 0 11000
12 11000 0
13 11000 7000
14 11000 9000
15 36000 0
16 31000 0
17 24000 0
18 17000 36000
19 36000 12000
20 10000 0
21 24000 24000
22 7000 5000
23 5000 3000
24 19000 11000
25 12000 0
26 18000 8000
27 11000 0
28 8000 0
29 12000 0
30 12000 0
31 12000 0
32 24000 12000
33 12000 0
34 22000 0
35 12000 12000
36 12000 12000
37 19000 0
38 11000 8000
39 12000 0
40 12000 0
41 18000 0
42 22000 0
43 12000 0
44 12000 0
45 0 13000
46 12000 0
47 23000 0
48 12000 0
49 13000 10000
50 65000 24000
51 0 0
DISTANCE SECTION (full distance matrix 0=depot 1 2 ... NRSTATION)
0 47 31 34 36 76 33 88 11 4 10 18 51 16 22 50 13 31 26 19 30 20 47 58 18 22 19 15 84 42 31 25 38 60 24 18 18 22 25 22 38 23 50 26 40 20 44 48 47 10 11 0 
47 0 20 18 19 31 19 58 38 50 46 58 49 33 63 47 56 65 67 56 67 61 84 97 62 65 63 33 38 24 20 25 19 15 64 59 58 29 68 65 72 65 4 34 9 30 53 47 48 48 50 47 
32 20 0 3 6 50 2 57 23 35 31 43 51 23 48 49 41 60 52 47 60 45 78 88 49 50 50 22 57 11 2 8 7 34 49 43 42 13 53 50 67 50 23 17 16 27 55 50 50 37 35 32 
34 19 3 0 3 49 1 55 24 37 32 43 54 24 49 52 43 61 53 49 62 47 79 90 50 52 51 24 56 8 4 9 5 33 50 44 43 14 54 52 68 51 22 17 19 30 58 52 53 39 36 34 
36 19 5 2 0 49 3 53 26 39 34 45 55 26 51 53 45 63 55 51 64 49 81 92 52 54 53 26 56 7 6 11 3 33 52 46 45 16 56 54 70 53 22 19 20 31 59 54 54 41 38 36 
76 31 51 49 50 0 50 88 69 80 77 89 35 63 94 33 87 85 98 81 91 92 102 113 91 96 91 63 22 55 51 56 51 17 95 90 89 60 100 96 88 97 28 65 38 57 39 35 36 76 81 76 
33 20 2 1 4 50 0 56 24 36 31 42 53 24 49 51 42 61 52 48 61 46 78 89 50 51 50 23 57 8 3 9 6 34 48 42 42 14 54 51 68 51 23 15 18 29 57 52 52 38 36 33 
86 57 56 53 51 86 54 0 77 89 85 96 103 77 102 101 96 114 106 102 114 99 132 142 103 105 104 76 89 54 56 62 49 70 102 97 96 67 107 105 120 104 59 70 65 79 107 102 102 92 89 86 
12 38 22 24 27 68 24 78 0 14 11 23 46 7 28 45 22 41 32 29 41 26 58 68 29 30 30 6 75 32 21 15 29 52 29 24 23 11 34 30 49 31 41 15 32 14 48 43 43 20 15 12 
4 50 34 36 39 80 36 90 14 0 9 15 54 18 20 53 11 34 23 22 33 17 51 61 22 20 22 17 86 44 33 27 41 63 21 15 16 24 23 20 41 21 53 24 43 24 48 52 51 13 8 4 
11 44 28 30 33 75 30 84 10 8 0 15 55 16 20 53 14 41 24 29 40 17 58 68 26 23 29 15 81 38 27 21 35 58 21 15 15 17 25 23 48 22 48 16 38 22 54 52 52 18 7 11 
17 58 42 44 47 88 44 98 24 13 14 0 68 30 9 67 11 38 13 30 37 7 51 60 21 14 26 29 95 51 41 35 48 72 9 876 2 31 16 14 45 12 61 30 52 36 61 65 64 23 9 17 
51 49 53 54 56 35 54 105 46 54 56 68 0 40 71 3 61 55 76 52 61 70 71 81 63 68 61 40 57 62 53 48 58 36 74 69 68 48 71 68 58 71 46 54 41 33 7 4 5 50 61 51 
17 32 23 25 28 62 25 77 8 20 18 30 39 0 36 38 26 39 39 29 40 33 57 70 32 35 33 2 68 33 22 16 30 45 37 31 31 16 39 35 46 36 35 20 25 6 41 36 36 18 23 17 
22 63 47 49 52 93 49 103 29 18 19 9 70 35 0 69 10 31 7 24 30 5 45 53 14 6 19 34 100 57 46 40 53 77 11 9 11 36 9 6 38 4 66 35 57 40 63 68 66 25 14 22 
50 47 51 52 54 33 51 102 45 54 56 68 3 39 71 0 61 55 76 52 61 70 71 81 63 68 61 39 54 59 50 46 55 33 74 68 68 46 71 68 58 71 44 51 39 33 7 3 4 50 60 50 
12 56 40 43 45 86 42 97 20 10 14 11 60 25 11 59 0 29 17 20 28 10 45 55 11 9 17 24 93 51 40 34 47 69 16 11 12 31 13 9 36 10 60 29 49 31 54 58 57 15 9 12 
31 65 59 61 64 85 61 115 40 34 41 38 55 40 32 55 29 0 34 13 6 35 23 36 18 26 15 40 101 69 58 52 66 75 41 39 40 51 25 26 8 28 68 54 57 37 48 54 53 31 38 31 
25 66 50 53 55 97 52 107 33 22 23 13 76 38 7 75 17 34 0 28 33 8 45 53 16 10 22 37 103 60 50 44 57 80 8 12 14 39 12 10 40 7 70 38 61 44 69 74 72 31 17 25 
18 56 46 49 51 82 48 102 27 22 28 29 52 29 24 52 19 14 27 0 14 27 31 44 12 18 10 28 91 56 45 40 53 67 33 29 30 38 20 18 21 20 58 42 48 27 45 51 50 18 26 18 
30 66 59 62 64 91 61 116 39 33 39 37 61 41 31 61 28 6 33 13 0 34 18 31 17 25 14 41 102 70 59 53 66 76 39 38 39 50 24 25 9 27 69 54 58 39 54 60 59 31 37 30 
19 60 44 46 49 91 46 100 26 15 16 7 69 32 4 68 9 35 9 27 34 0 47 56 17 9 23 31 97 54 43 37 51 74 8 6 8 33 13 9 42 8 64 32 54 38 63 67 66 24 11 19 
47 84 77 79 82 103 79 133 56 51 57 52 71 58 43 70 45 23 45 31 18 46 0 13 34 42 31 58 119 87 76 70 83 94 52 52 53 67 39 42 18 42 86 71 76 56 64 70 69 48 54 47 
50 90 80 83 85 108 82 137 60 54 60 53 76 63 45 76 49 29 46 36 24 48 6 0 37 45 34 62 125 91 80 74 87 100 53 54 55 71 41 45 23 44 92 75 82 62 69 76 74 53 56 50 
18 62 48 50 53 91 50 104 28 22 25 21 63 31 15 62 12 18 17 12 17 18 34 44 0 8 6 30 99 58 47 41 55 76 23 21 22 38 10 8 25 10 66 41 55 35 56 62 60 20 21 18 
20 64 48 51 54 94 50 105 28 18 22 14 68 33 6 67 8 27 10 19 26 9 42 51 9 0 15 32 101 59 48 42 55 77 15 13 15 39 7 25 34 3 68 37 57 39 62 66 65 23 16 20 
18 62 48 50 53 90 49 104 27 21 27 25 62 30 18 61 16 15 20 11 14 21 31 42 4 12 0 29 98 58 47 41 54 75 27 25 26 38 11 12 22 14 65 42 55 34 55 61 60 20 25 18 
16 33 22 24 27 63 24 78 7 19 17 29 40 897 35 38 25 39 38 29 41 32 58 70 31 34 32 0 69 32 21 15 28 46 36 30 30 15 37 34 46 35 36 19 25 7 42 37 37 18 21 16 
85 38 58 56 56 22 57 89 76 88 84 96 57 70 101 55 94 101 105 92 103 98 120 133 100 103 101 70 0 62 58 63 57 31 102 96 96 66 106 103 108 103 35 72 45 66 61 57 58 85 88 85 
41 25 10 8 6 55 8 55 32 44 39 49 61 32 57 59 50 69 60 56 69 54 86 97 58 59 58 31 62 0 11 17 7 39 56 50 49 22 62 59 76 59 28 23 26 37 65 60 60 46 43 41 
30 25 6 7 10 54 6 62 21 33 29 41 53 21 46 51 39 58 50 45 58 43 76 86 47 48 48 20 61 14 0 6 12 38 47 41 40 11 51 48 65 48 28 16 21 26 57 51 52 35 33 30 
25 26 7 10 12 56 9 64 15 28 23 35 48 16 40 46 34 52 44 40 53 38 70 81 41 43 42 15 63 17 7 0 14 40 41 36 35 6 45 43 59 42 29 11 20 21 51 46 46 30 27 25 
38 20 7 5 3 50 6 51 29 41 36 48 57 29 54 55 47 66 57 53 66 51 83 94 55 56 55 28 57 7 8 14 0 34 54 48 48 19 59 56 73 56 23 21 19 33 61 55 56 43 40 38 
61 14 34 33 33 17 34 71 52 63 60 72 35 46 78 33 70 75 81 67 76 75 94 106 76 79 76 46 31 38 35 40 34 0 79 73 73 43 83 79 79 80 11 48 21 42 39 35 35 61 64 61 
24 65 49 51 53 95 50 105 31 20 21 9 74 36 10 74 17 41 9 34 40 8 52 61 23 16 29 36 102 57 48 42 55 79 0 8 11 38 19 16 48 14 68 36 59 43 68 72 71 30 16 24 
17 58 42 45 47 89 44 99 25 14 15 1 68 30 10 67 11 39 12 30 38 7 52 61 21 14 27 29 95 51 41 36 49 72 8 0 3 31 17 14 46 12 62 30 53 36 62 66 65 23 9 17 
16 57 41 44 46 88 43 97 24 13 13 2 67 29 11 66 12 38 15 30 37 8 52 60 21 14 26 28 94 50 40 35 48 71 11 3 0 30 16 14 45 13 61 29 52 35 60 65 64 22 8 16 
22 29 12 15 17 59 14 69 12 24 19 31 48 15 36 46 31 51 40 38 50 33 68 78 38 39 39 14 66 22 11 6 19 43 37 31 31 0 41 39 58 38 32 6 23 20 51 46 46 29 23 22 
26 70 54 57 59 100 56 111 34 25 27 20 72 39 14 71 16 25 13 22 25 16 36 44 10 10 13 38 107 64 53 48 61 83 22 20 21 44 0 10 30 9 73 43 63 44 65 70 69 29 22 26 
20 64 48 51 54 94 50 105 28 18 22 14 68 33 6 67 8 27 10 19 26 9 42 51 9 25 15 32 101 59 48 42 55 77 15 13 15 39 7 0 34 3 68 37 57 39 62 66 65 23 16 20 
38 72 66 68 71 89 68 122 47 41 47 45 58 47 39 57 36 8 40 20 9 42 18 28 25 33 22 46 108 76 65 59 72 79 48 46 47 58 32 33 0 35 75 61 64 44 51 57 56 38 45 38 
23 66 49 52 55 96 51 106 31 21 22 12 71 36 5 70 11 28 7 22 27 8 42 50 11 4 16 35 103 60 49 43 56 80 13 12 13 39 6 4 35 0 69 37 60 42 65 69 68 26 16 23 
50 4 24 22 23 27 23 61 42 53 50 62 45 36 67 43 60 68 71 59 69 64 87 99 66 69 66 36 34 28 24 29 23 11 68 62 62 32 72 69 75 69 0 38 12 33 49 45 45 52 54 50 
26 34 16 17 19 65 16 71 17 23 18 29 53 19 35 51 29 55 38 42 54 32 72 82 41 38 43 19 71 23 15 11 21 48 36 30 30 6 40 38 62 37 38 0 28 25 56 51 51 33 22 26 
40 9 18 19 18 38 18 65 32 43 40 52 41 26 57 39 50 57 61 48 58 55 76 89 56 59 56 26 45 24 17 20 19 21 58 53 52 23 63 59 64 60 12 28 0 22 45 39 40 41 44 40 
20 30 27 29 31 57 28 79 13 24 23 35 34 7 40 32 30 37 44 27 38 38 55 68 35 39 35 7 66 37 26 20 32 42 41 36 35 20 43 39 44 41 33 25 22 0 36 30 31 20 27 20 
44 53 57 58 60 39 58 109 46 48 54 62 7 42 65 7 54 48 70 45 54 63 64 74 56 62 54 42 61 66 57 51 61 40 67 62 62 51 64 62 51 64 50 57 45 36 0 7 5 43 54 44 
48 48 52 53 55 35 52 103 43 52 54 66 3 37 69 2 58 54 74 51 60 68 69 80 61 66 60 37 56 60 51 46 56 34 71 66 66 46 69 66 57 68 45 51 39 31 6 0 2 47 58 48 
47 48 52 53 55 36 52 103 43 51 54 65 5 37 68 4 57 53 73 50 59 67 68 79 60 65 59 38 58 60 52 46 56 35 70 65 65 46 68 65 56 67 45 52 40 31 5 2 0 46 57 47 
12 44 29 31 34 75 31 85 9 15 20 29 52 14 32 50 21 40 37 27 39 30 57 68 28 30 29 13 81 39 28 22 36 58 34 29 29 20 34 30 47 32 48 24 38 19 48 49 49 0 21 12 
11 50 34 36 39 80 36 90 16 7 6 9 61 22 14 59 9 37 18 27 37 11 54 63 21 17 26 21 87 44 33 27 40 64 15 9 9 23 19 17 45 16 53 22 44 28 54 57 58 16 0 11 
0 47 31 34 36 76 33 88 11 4 10 18 51 16 22 50 13 31 26 19 30 20 47 58 18 22 19 15 84 42 31 25 38 60 24 18 18 22 25 22 38 23 50 26 40 20 44 48 47 10 11 0 