TRIPS: 6
VEHICLES: 18
NRSTATIONS: 79
NRCOMPARTMENTS: 3
CAPACITY: 8000
NRPRODUCTS: 2
VEHICLE SECTION <compartment number> <capacity> <vehicle_id>
2 13 0
2 13 1
2 11 2
2 12 3
2 13 4
2 8 5
2 11 6
2 11 7
2 12 8
2 12 9
2 12 10
2 12 11
2 12 12
2 12 13
2 13 14
2 12 15
2 11 16
2 11 17
DEMANDS SECTION <customer_id> <demand_p1> <demand_p2> ... <demand_NRPRODUCTS>
0 0 0
1 0 12000
2 26000 0
3 13000 13000
4 74000 13000
5 13000 0
6 13000 13000
7 24000 13000
8 25000 12000
9 26000 0
10 22000 12000
11 24000 0
12 22000 11000
13 33000 12000
14 11000 0
15 11000 0
16 19000 0
17 11000 0
18 36000 8000
19 12000 12000
20 12000 12000
21 11000 12000
22 24000 26000
23 22000 0
24 24000 0
25 25000 13000
26 12000 0
27 37000 0
28 26000 12000
29 23000 0
30 13000 0
31 13000 11000
32 8000 0
33 8000 0
34 8000 3000
35 22000 0
36 11000 8000
37 11000 0
38 11000 0
39 11000 22000
40 11000 0
41 0 11000
42 9000 11000
43 11000 0
44 24000 0
45 12000 0
46 12000 0
47 12000 0
48 12000 0
49 10000 0
50 0 7000
51 21000 10000
52 12000 0
53 23000 22000
54 15000 21000
55 35000 36000
56 12000 0
57 24000 24000
58 36000 24000
59 24000 11000
60 12000 12000
61 24000 0
62 13000 13000
63 13000 0
64 51000 0
65 39000 0
66 13000 0
67 13000 0
68 12000 0
69 12000 12000
70 34000 22000
71 24000 0
72 12000 0
73 12000 12000
74 11000 11000
75 22000 0
76 22000 22000
77 11000 0
78 5000 5000
79 21000 42000
80 0 0
DISTANCE SECTION (full distance matrix 0=depot 1 2 ... NRSTATION)
0 44 49 16 47 42 31 38 34 34 31 33 33 11 60 4 10 40 11 31 46 20 23 16 16 50 74 18 50 51 46 22 24 20 31 23 29 1 12 10 18 23 15 29 35 33 30 57 36 41 22 22 13 22 22 20 59 23 49 11 4 11 30 44 48 50 40 47 49 10 13 20 39 18 15 17 21 9 24 18 0 
44 0 18 30 16 12 14 6 10 11 13 17 12 34 29 47 42 21 52 71 88 62 61 58 28 18 42 43 17 61 56 29 62 51 73 66 72 44 54 41 53 56 33 49 46 11 24 37 8 80 62 62 37 59 59 57 70 52 18 34 42 33 41 65 59 59 51 60 65 36 34 43 32 36 32 47 58 41 60 54 44 
49 19 0 36 2 26 23 22 21 20 22 27 22 40 12 52 48 11 56 67 84 64 68 60 35 2 25 52 3 47 44 28 68 60 77 66 74 49 58 47 61 65 35 40 37 22 34 50 21 75 67 68 38 66 65 63 56 61 1 39 46 39 32 51 46 45 40 46 51 40 38 34 23 35 39 55 65 48 67 60 49 
16 31 36 0 34 28 17 25 21 20 18 19 20 7 48 18 13 29 26 46 61 34 32 30 4 38 61 16 37 47 42 11 32 24 45 38 44 16 27 12 25 29 9 32 31 20 17 42 23 55 33 35 14 30 29 28 56 25 36 7 15 6 25 50 44 45 36 45 51 11 9 21 28 14 3 20 29 12 32 25 16 
47 16 3 34 0 24 20 19 18 17 20 25 19 38 15 50 46 9 54 65 82 63 65 58 32 4 27 49 3 49 45 26 66 58 74 65 73 47 56 45 58 63 33 38 36 19 32 48 19 74 65 65 36 63 63 61 58 59 3 37 44 36 31 53 47 47 39 48 54 38 35 33 21 33 36 53 62 45 65 58 47 
41 12 27 27 25 0 11 7 8 9 10 13 9 32 39 44 39 26 50 69 85 59 59 55 26 28 52 39 27 61 57 29 59 47 70 63 69 41 52 38 49 52 31 49 47 8 20 27 6 78 60 60 35 57 56 54 71 48 27 31 39 30 42 65 60 59 52 60 66 33 31 43 32 35 30 42 56 39 56 49 41 
30 18 27 16 25 14 0 12 7 8 6 8 7 21 38 33 29 21 39 58 75 48 48 44 15 28 51 30 27 53 49 18 49 38 59 52 58 30 41 28 40 43 20 40 38 6 13 31 10 67 49 49 25 46 45 44 63 39 27 20 28 20 33 57 51 51 43 52 58 23 20 32 27 25 19 34 45 28 47 41 30 
38 7 22 24 20 7 8 0 5 5 7 11 6 29 34 41 36 19 46 66 82 56 56 52 22 23 47 37 22 57 53 26 56 46 67 60 66 38 49 35 48 50 28 45 42 6 18 31 3 75 56 56 32 54 53 51 66 46 22 28 36 27 37 61 55 55 47 56 62 30 28 39 28 32 27 41 53 35 54 48 38 
34 11 21 20 19 8 4 5 0 3 3 7 2 24 33 37 32 19 42 61 78 52 51 48 18 22 46 33 21 54 50 22 52 41 63 56 62 34 44 31 43 46 24 42 39 1 14 30 3 71 52 52 28 49 49 47 63 42 21 24 32 23 34 58 52 52 44 53 59 26 24 36 25 28 22 36 48 31 50 43 34 
34 11 19 20 17 9 3 5 3 0 3 8 3 24 31 36 32 17 42 61 78 52 51 48 18 21 44 33 20 52 48 21 52 42 63 55 62 34 44 31 44 46 24 40 38 3 16 32 4 70 52 52 28 49 49 47 61 43 19 24 31 23 33 56 51 50 42 51 57 26 24 35 23 27 22 37 48 31 50 44 34 
32 13 22 18 20 11 2 7 3 3 0 7 2 23 34 35 31 16 41 60 77 50 50 46 17 23 47 32 22 51 47 20 51 40 61 54 60 32 43 30 42 45 22 39 37 2 14 31 6 69 51 51 27 48 48 46 60 41 22 22 30 22 32 55 50 49 41 50 56 25 22 34 22 26 21 36 47 30 49 43 32 
33 17 27 18 25 13 6 11 7 8 6 0 7 24 39 33 27 22 43 62 78 51 47 47 19 28 52 26 28 57 52 22 47 35 62 55 61 33 44 26 37 39 24 44 42 6 7 25 9 71 47 50 28 44 44 42 66 35 27 24 31 22 37 60 55 55 47 56 62 26 24 36 28 28 21 30 44 26 43 37 33 
32 12 21 18 19 9 2 6 2 2 1 7 0 23 33 35 30 17 40 60 76 50 50 46 16 23 46 32 22 52 48 20 50 40 61 54 60 32 43 29 42 45 22 40 38 1 14 30 4 69 50 50 26 47 47 45 61 41 21 22 30 21 33 56 51 50 42 51 57 24 22 34 23 26 20 35 47 29 49 42 32 
12 34 40 5 38 32 21 29 24 24 22 23 23 0 52 14 11 32 22 41 57 30 31 26 7 41 65 14 41 46 40 13 31 23 41 34 40 12 23 10 23 28 6 29 29 24 21 46 27 51 31 31 11 28 28 26 56 24 40 4 11 2 23 48 43 45 35 43 50 7 5 18 30 11 4 18 28 10 30 23 12 
61 30 13 48 14 38 35 34 33 31 34 39 34 52 0 63 60 21 68 75 88 74 80 70 46 11 21 64 13 35 33 39 80 72 87 75 84 61 70 59 73 77 46 40 34 34 46 62 33 81 79 79 49 78 77 75 44 73 13 51 58 51 33 39 35 33 33 35 40 51 49 43 25 45 50 67 77 59 79 72 61 
4 46 52 18 50 44 33 41 36 36 34 34 35 14 63 0 9 43 14 34 50 23 21 19 19 53 76 16 52 54 49 24 22 18 34 27 33 4 16 8 16 20 17 32 39 36 28 55 39 44 20 21 16 20 19 18 62 20 52 14 7 14 33 48 52 53 44 51 52 12 15 23 41 20 16 15 19 8 22 15 4 
11 40 46 11 44 38 27 35 30 30 28 26 29 10 58 8 0 38 21 41 57 30 22 26 13 48 71 10 47 55 49 21 23 16 39 34 40 11 22 2 15 19 15 37 38 30 21 47 33 51 23 25 18 20 20 18 65 18 46 11 12 11 32 54 52 53 43 52 58 15 12 26 38 19 9 11 19 2 22 15 11 
40 21 11 28 9 24 17 19 19 17 18 22 17 32 21 43 40 0 47 57 74 55 60 50 26 12 35 44 11 41 36 19 60 52 67 57 65 40 50 39 52 57 26 30 28 18 29 46 18 66 59 59 29 57 57 55 50 53 11 30 38 30 22 45 39 39 31 40 45 31 29 25 13 25 30 47 57 39 59 52 40 
10 50 54 24 52 48 37 45 40 40 38 41 39 19 66 14 20 45 0 23 38 12 18 8 24 56 79 26 55 53 49 27 18 28 23 16 22 10 4 19 23 28 20 32 39 40 39 65 43 31 15 15 17 21 19 24 62 31 54 18 13 19 34 47 51 53 44 50 52 15 18 24 43 22 23 25 23 19 28 22 10 
31 71 67 45 65 69 58 66 61 61 59 62 60 40 75 34 41 57 23 0 18 12 28 17 44 68 91 46 67 55 52 43 28 43 20 8 17 31 20 40 40 43 40 39 45 61 60 85 64 12 26 24 34 32 31 38 64 46 67 39 33 40 44 48 54 54 50 53 54 36 39 34 53 36 44 44 35 40 41 38 31 
46 88 83 60 82 86 75 82 78 78 76 78 77 56 89 50 56 74 38 18 0 27 43 33 60 85 108 62 84 65 65 60 44 59 29 23 28 46 35 55 55 59 56 52 59 78 76 101 81 14 41 39 51 47 47 53 74 61 83 55 49 56 57 58 64 64 64 63 64 53 56 51 67 53 59 60 50 55 56 54 46 
20 62 64 34 63 60 49 56 52 52 50 51 51 29 74 23 29 55 12 12 27 0 18 6 34 65 88 35 64 59 55 37 19 33 13 4 11 20 9 29 29 34 32 39 46 52 49 75 55 23 16 15 28 23 22 29 68 36 64 30 22 29 42 52 58 58 51 56 58 27 30 32 52 32 33 34 25 29 32 28 20 
23 62 68 33 66 60 49 56 52 52 49 47 51 31 80 21 22 60 19 28 44 19 0 17 35 69 93 22 68 71 66 42 1 18 23 21 25 23 15 21 13 16 35 49 56 51 41 66 55 40 4 7 34 5 4 10 79 20 68 31 24 31 51 65 69 70 61 68 69 30 33 41 59 38 31 19 7 21 14 12 23 
16 58 60 30 59 56 45 52 48 48 46 47 47 25 70 19 25 51 8 18 34 7 16 0 30 62 85 32 61 57 53 34 17 31 20 11 17 16 5 25 27 32 28 37 44 47 45 71 51 27 15 13 24 20 20 26 65 33 60 25 18 25 39 50 55 56 48 54 55 23 26 28 48 29 29 30 23 24 30 26 16 
16 28 34 3 32 26 15 23 19 18 16 19 17 6 46 19 15 26 25 45 61 34 35 30 0 35 59 19 35 44 39 9 35 27 45 38 44 16 26 14 28 32 7 30 29 18 18 43 21 54 34 34 11 33 32 30 54 28 34 6 14 5 23 47 42 42 34 42 49 9 7 19 26 11 5 22 32 15 34 27 16 
50 20 2 38 4 28 24 23 22 21 24 29 23 42 11 53 50 12 58 68 85 65 69 61 36 0 24 53 4 45 43 29 70 62 78 67 75 50 60 49 62 66 36 41 38 23 36 52 23 76 69 69 40 67 67 65 55 62 2 40 48 40 33 49 45 43 42 45 50 41 39 35 24 36 40 57 66 49 69 62 50 
74 43 26 61 27 51 48 47 46 44 47 52 47 65 21 77 73 35 81 91 108 88 93 84 60 24 0 77 26 56 53 52 93 85 101 90 98 74 83 72 86 90 60 61 55 47 59 75 46 99 92 93 62 91 90 88 65 86 26 64 71 64 56 60 55 54 54 56 61 65 63 58 47 59 64 81 90 72 92 85 74 
18 44 51 16 49 40 31 38 34 34 32 27 33 15 63 15 11 43 27 46 62 35 23 32 18 52 76 0 52 60 54 26 23 9 43 39 45 18 28 9 11 13 20 42 43 33 20 46 36 57 24 27 23 20 20 17 70 9 51 16 19 16 37 60 57 58 48 57 63 20 17 31 43 24 14 4 19 10 18 11 18 
50 19 3 37 3 27 23 22 21 20 23 28 22 41 13 53 49 11 57 67 84 65 68 60 35 4 26 52 0 48 45 29 69 61 77 67 75 50 59 48 61 66 36 40 38 22 35 50 21 76 68 68 39 66 66 64 57 62 3 40 47 39 33 52 47 46 41 47 52 41 38 35 23 35 39 56 65 48 68 61 50 
51 61 47 47 49 62 53 58 54 53 53 57 53 46 36 54 56 41 55 55 65 59 71 56 45 46 56 60 48 0 6 37 72 68 72 60 69 51 57 55 68 73 40 23 17 54 59 82 56 59 68 68 40 71 70 71 10 69 47 45 50 45 24 7 4 3 15 5 5 45 43 34 30 37 47 63 72 56 75 68 51 
46 56 44 41 44 57 48 53 50 48 49 52 48 40 33 49 51 36 50 52 63 55 66 52 40 43 53 54 45 6 0 32 67 62 68 57 65 46 53 50 63 67 34 18 12 49 54 77 52 58 64 63 35 67 66 66 16 63 44 39 44 39 18 8 3 5 9 3 10 39 37 28 25 31 41 58 67 50 70 63 46 
22 29 28 11 26 30 19 26 22 21 20 22 21 13 39 25 23 19 29 43 60 38 41 34 9 29 52 26 29 37 32 0 42 35 50 41 48 22 31 22 35 39 7 23 21 22 24 46 24 52 40 40 10 40 40 38 46 35 28 12 19 12 15 40 35 35 26 35 41 13 10 15 17 7 13 30 39 22 42 35 22 
24 61 67 32 65 59 48 56 51 51 49 46 50 31 79 20 21 59 20 30 46 21 3 19 34 68 92 22 68 72 67 42 0 17 25 23 27 24 16 21 13 16 36 50 57 51 40 65 54 42 5 9 35 4 4 10 80 20 67 32 25 32 52 65 70 71 61 68 70 31 33 41 59 39 30 18 7 21 13 12 24 
19 53 60 25 58 49 41 48 43 43 41 37 43 25 72 16 15 53 28 43 58 32 18 29 28 62 85 9 61 69 63 35 18 0 37 35 39 19 27 15 5 5 29 48 52 42 29 49 46 54 19 22 32 14 14 11 78 4 60 26 23 25 46 64 66 68 57 66 68 28 27 39 52 33 24 7 13 15 10 6 19 
30 72 74 44 73 70 59 66 62 62 59 62 61 39 84 34 40 65 22 17 28 11 26 17 44 75 98 45 75 69 66 48 26 40 0 10 17 30 19 39 37 40 42 50 57 61 60 85 64 25 24 22 38 29 30 34 78 43 74 39 33 39 52 62 68 68 61 67 68 37 40 42 62 43 43 41 31 39 38 36 30 
25 67 68 39 66 65 54 61 57 57 55 57 56 34 77 28 35 58 17 8 23 6 22 12 39 69 92 40 68 62 58 43 22 37 14 0 11 25 14 34 34 38 37 42 49 56 54 80 60 19 20 18 33 26 26 32 71 40 68 34 28 34 45 55 61 61 54 59 61 32 35 35 55 36 38 38 29 34 35 33 25 
29 72 76 44 74 69 58 66 62 61 59 61 61 39 87 33 38 67 21 20 30 14 22 19 44 77 100 42 76 72 69 48 22 37 3 13 0 29 19 37 34 36 41 53 60 61 57 85 64 28 21 18 39 24 25 30 81 40 76 39 32 39 55 65 71 71 64 70 71 36 39 45 64 43 42 38 27 37 33 32 29 
1 44 49 16 47 42 31 38 34 34 31 33 33 11 60 4 10 40 11 31 46 20 23 16 16 50 74 18 50 51 46 22 24 20 31 23 29 0 12 10 18 23 15 29 35 33 30 57 36 41 22 22 13 22 22 20 59 23 49 11 4 11 30 44 48 50 40 47 49 10 13 20 39 18 15 17 21 9 24 18 1 
13 55 59 27 57 53 42 49 45 45 43 44 44 22 70 16 23 50 5 19 34 8 14 5 27 60 84 29 60 58 54 32 15 28 19 11 17 13 0 22 24 29 25 37 44 45 42 68 48 30 12 11 22 17 17 23 66 30 59 23 16 22 39 52 56 57 49 55 56 20 23 29 48 27 26 28 20 22 27 23 13 
10 43 48 13 46 40 30 37 33 32 30 27 32 13 60 7 3 41 20 40 56 29 21 25 16 50 73 9 49 57 51 23 21 15 38 33 39 10 22 0 14 18 17 37 40 32 21 48 35 50 22 24 21 19 18 16 67 17 48 14 11 13 34 54 54 56 45 54 59 17 15 28 40 21 12 10 18 2 21 14 10 
16 53 59 24 57 50 40 48 44 43 41 37 42 24 71 13 13 52 24 38 54 28 13 25 26 61 84 11 60 67 62 34 14 6 33 31 35 16 22 13 0 7 28 45 51 43 30 54 46 50 14 17 29 11 11 9 75 9 59 24 19 24 45 60 65 66 56 64 65 25 26 36 51 32 23 7 10 13 11 2 16 
22 57 64 29 62 52 44 51 46 47 45 39 46 28 76 19 18 56 28 44 59 33 17 30 31 65 89 13 64 72 66 39 17 5 37 36 40 22 28 18 7 0 33 51 55 45 32 50 49 55 18 22 35 12 13 8 81 5 64 29 26 28 49 67 69 71 61 69 71 31 30 42 55 36 27 10 11 18 6 6 22 
16 34 35 9 33 32 21 28 24 24 22 24 23 7 46 19 17 25 23 39 57 32 35 28 8 36 59 21 35 40 34 7 36 29 43 36 42 16 25 16 30 34 0 23 23 24 25 49 27 49 34 34 6 35 34 32 50 30 35 5 13 5 17 42 37 38 28 37 43 7 4 13 24 5 8 24 34 16 36 29 16 
29 48 39 31 38 49 41 45 42 40 41 44 41 28 41 32 38 30 34 39 50 39 49 36 30 41 64 42 40 23 18 23 50 48 52 41 49 29 36 37 47 51 23 0 7 41 45 68 44 44 47 47 18 49 48 49 33 51 39 27 27 28 10 19 20 22 12 21 24 23 25 11 20 19 30 45 50 37 53 46 29 
36 46 35 30 34 47 38 43 39 38 38 42 38 29 35 39 39 26 41 46 57 46 56 43 28 36 56 42 36 18 12 21 57 51 59 48 56 36 43 38 51 56 23 7 0 39 43 66 41 51 54 54 23 56 55 54 27 52 35 27 34 27 7 20 14 16 6 15 21 28 26 17 15 19 30 46 55 38 58 51 36 
33 12 22 19 20 8 3 6 1 3 2 6 1 24 34 36 31 18 42 61 78 51 51 47 18 23 47 31 22 53 49 21 51 40 62 55 61 33 44 30 42 45 23 41 39 0 13 29 4 70 52 52 27 49 48 46 63 41 22 23 31 22 34 57 52 51 44 52 58 25 23 35 24 27 22 35 48 31 49 42 33 
30 24 34 17 32 20 13 19 14 16 13 7 14 22 46 28 23 29 40 60 76 49 41 45 17 36 59 19 35 58 54 23 41 27 58 53 59 30 42 21 29 32 24 45 43 13 0 28 17 70 42 44 29 39 38 36 68 28 34 22 29 21 38 62 56 56 48 57 63 26 24 36 34 29 17 23 38 22 36 30 30 
57 37 50 42 48 27 29 32 30 32 30 25 30 48 62 54 49 46 67 86 102 75 66 71 43 51 75 46 51 81 77 46 67 50 85 79 85 57 67 47 55 51 48 68 66 29 28 0 30 95 68 71 53 62 63 58 91 47 50 48 55 46 61 85 79 79 71 80 86 50 48 60 52 52 43 48 61 48 55 55 57 
36 9 21 22 19 7 6 3 2 3 5 9 4 26 33 39 34 20 44 63 80 54 53 50 20 22 46 35 22 55 51 24 54 43 65 58 64 36 46 33 45 48 26 43 41 3 16 30 0 73 54 54 30 51 51 49 64 44 21 26 34 25 36 59 54 53 45 54 60 28 26 38 26 30 24 38 50 33 52 45 36 
40 80 76 54 74 78 67 75 70 70 68 71 69 49 81 44 50 66 33 12 12 23 39 27 53 77 100 56 76 60 58 52 40 55 28 19 25 40 31 50 51 55 49 45 51 70 69 94 73 0 37 35 43 44 43 49 68 57 76 48 43 49 49 53 59 59 56 58 58 45 48 43 59 45 53 55 46 49 53 50 40 
20 61 66 32 64 59 48 55 51 51 48 47 50 28 77 18 22 57 16 27 42 17 3 14 33 68 91 24 67 68 63 39 4 19 23 19 24 20 12 21 15 18 32 46 53 50 41 67 54 38 0 7 31 6 6 12 76 22 66 29 21 28 48 62 66 67 58 65 66 27 30 38 56 35 31 20 9 21 16 14 20 
21 61 66 33 64 59 48 55 51 51 49 49 50 28 78 20 23 57 14 23 38 13 6 12 33 68 91 27 67 67 63 39 7 22 18 15 20 21 10 23 18 22 32 46 53 50 43 70 54 34 5 0 31 11 10 17 76 25 66 29 21 28 48 60 66 66 58 64 66 27 30 38 56 35 32 23 13 23 20 17 21 
13 37 38 13 36 36 25 32 28 28 26 28 27 10 49 16 21 29 19 34 51 28 33 24 12 39 62 24 39 41 35 10 34 32 40 31 38 13 21 20 31 35 6 19 23 28 29 52 31 43 32 32 0 34 33 33 50 33 38 9 11 9 17 37 37 39 29 38 42 5 7 8 26 5 12 27 34 20 37 30 13 
22 59 65 30 63 57 46 53 49 49 47 44 48 29 77 18 19 57 21 31 47 22 4 19 32 66 90 20 65 70 65 40 5 15 26 24 28 22 17 18 11 13 34 48 55 49 38 63 52 43 6 10 33 0 1 8 78 18 65 30 23 29 49 63 68 69 59 66 68 28 31 39 57 36 28 16 5 18 12 9 22 
22 59 65 30 63 57 46 53 49 49 47 44 48 29 77 18 19 57 21 32 48 22 5 19 32 66 90 20 65 70 65 40 6 14 26 25 29 22 17 18 11 13 34 48 55 49 38 62 52 44 7 11 33 1 0 7 78 17 65 30 23 29 50 63 68 69 60 67 68 29 31 40 57 37 28 16 4 18 11 9 22 
20 57 63 28 61 55 44 52 47 47 45 42 46 27 75 16 17 55 25 37 53 28 10 25 30 64 88 17 64 71 66 38 11 11 30 30 33 20 23 17 9 8 32 48 55 47 36 58 50 49 12 16 32 7 8 0 79 12 63 28 23 28 48 64 68 70 60 67 69 29 29 40 55 36 26 14 4 17 5 7 20 
59 69 56 55 58 71 62 66 63 61 62 66 62 56 44 63 67 50 63 64 74 68 79 65 54 55 65 70 57 10 16 46 80 78 81 69 78 59 66 65 77 81 50 33 27 62 68 90 65 68 77 76 50 80 79 79 0 79 56 55 59 55 34 16 14 12 25 15 11 55 53 44 38 47 57 74 80 66 83 77 59 
23 53 60 25 58 48 40 47 42 43 40 35 42 24 72 19 16 52 31 47 63 36 21 33 27 61 85 8 60 68 62 34 22 4 41 40 43 23 31 15 10 6 28 50 51 41 28 46 45 59 23 26 32 17 18 13 78 0 60 25 25 24 45 66 65 67 57 65 71 28 26 39 51 32 23 6 15 15 10 10 23 
49 19 1 36 2 26 23 22 21 20 22 27 22 40 12 52 48 11 56 67 84 64 68 60 35 2 25 52 3 47 44 28 68 60 77 66 74 49 58 47 61 65 35 40 37 22 34 50 21 75 67 68 38 66 65 63 56 61 0 39 46 39 32 51 46 45 40 46 51 40 38 34 23 35 39 55 65 48 67 60 49 
12 33 38 6 36 31 20 27 23 23 21 23 22 3 50 15 14 30 21 41 57 30 31 26 5 40 63 17 39 44 38 11 32 26 41 34 40 12 23 13 26 30 5 27 27 23 22 48 26 50 30 31 9 31 31 29 54 26 38 0 9 2 21 46 41 43 33 41 48 5 3 17 28 9 5 21 30 13 33 26 12 
4 42 46 14 44 39 28 36 32 31 29 32 30 10 57 7 12 37 12 32 48 22 24 18 15 47 70 19 46 49 43 18 25 23 33 25 31 4 14 11 22 26 11 26 33 31 30 55 34 41 23 23 10 24 23 24 58 26 46 10 0 9 27 43 46 48 38 46 48 6 9 18 35 14 13 19 25 11 28 21 4 
11 33 39 5 37 31 20 27 23 23 20 22 22 2 50 14 12 30 20 40 56 29 31 25 5 40 64 15 39 45 39 12 31 24 40 33 39 11 22 11 25 29 5 28 28 22 21 46 26 50 29 30 9 30 29 27 54 25 39 2 9 0 21 46 41 43 33 42 48 6 4 17 29 9 4 19 29 11 31 24 11 
29 40 31 24 30 41 32 37 34 32 32 36 32 22 33 33 33 22 36 43 57 42 50 37 22 32 55 36 32 24 18 15 50 44 54 43 52 29 38 32 45 49 16 9 7 33 37 60 36 49 49 48 17 50 49 48 34 45 31 21 27 21 0 26 21 23 13 21 28 21 19 10 11 13 23 40 49 32 52 45 29 
44 64 51 49 53 66 57 61 58 56 57 61 57 46 40 48 54 45 48 48 58 52 64 49 48 50 60 61 52 7 9 40 64 63 64 53 62 44 50 53 62 66 42 19 20 58 62 85 60 52 62 61 37 65 64 64 16 66 51 45 43 46 26 0 7 7 18 5 6 42 44 29 33 38 49 60 65 53 68 62 44 
48 59 46 44 48 60 51 56 53 51 52 55 51 43 34 52 54 39 53 54 64 57 68 54 43 45 55 57 47 3 3 35 69 65 70 59 67 48 55 53 66 70 37 21 15 52 57 80 55 57 66 65 38 69 68 69 13 66 46 42 47 42 21 6 0 2 12 2 7 42 40 31 28 34 44 61 70 53 72 66 48 
50 58 45 44 47 59 50 55 52 50 51 55 50 45 33 54 56 39 55 55 65 59 71 56 42 44 54 59 46 3 5 35 71 67 71 60 69 50 57 55 68 72 39 23 17 51 56 79 54 59 68 68 40 71 70 71 12 68 45 44 49 44 23 7 3 0 14 4 8 44 42 33 27 36 46 63 72 55 74 68 50 
40 51 40 36 39 52 43 47 44 43 43 47 43 35 31 44 45 31 46 48 60 50 61 47 34 41 51 48 41 12 6 26 62 57 62 51 60 40 48 44 57 62 29 12 6 44 48 71 46 54 59 59 29 61 60 60 22 58 40 33 39 33 12 14 9 10 0 9 15 33 32 23 20 25 36 52 61 44 64 57 40 
47 59 47 44 48 60 52 56 53 51 52 56 52 43 35 51 54 40 51 53 63 56 67 53 43 45 55 57 47 5 3 35 68 66 69 58 66 47 54 53 65 69 38 21 15 52 57 80 55 56 65 64 38 68 67 67 15 66 47 42 47 42 21 5 2 4 13 0 7 42 41 31 28 34 44 61 68 53 71 65 47 
49 65 52 50 54 66 57 62 59 57 58 62 57 49 40 53 59 45 53 54 64 58 69 55 49 50 61 63 53 6 10 41 70 69 70 59 68 49 56 59 67 71 44 24 21 58 63 86 61 58 67 67 42 70 69 69 11 71 52 48 49 48 27 6 7 7 19 7 0 47 47 35 34 40 50 65 70 58 73 67 49 
10 37 41 10 38 34 23 31 27 26 24 27 25 6 52 13 17 31 17 37 53 27 30 23 10 42 65 20 41 45 40 13 30 28 38 31 37 10 20 16 28 32 6 24 28 26 26 51 29 46 29 29 6 30 29 30 55 29 41 4 7 6 22 43 42 44 34 43 48 0 4 13 30 9 9 24 31 16 34 27 10 
12 34 38 8 36 32 21 28 24 24 22 24 23 3 50 15 14 29 20 39 56 29 32 25 7 39 63 17 39 44 38 11 32 26 40 33 39 12 22 13 26 30 4 26 27 24 23 49 27 48 31 31 7 31 31 29 54 27 38 2 9 3 21 44 41 42 32 41 47 3 0 15 28 8 7 21 30 13 33 26 12 
20 43 34 21 33 44 33 39 36 34 33 36 35 17 43 24 28 25 26 34 51 32 41 27 19 35 58 31 34 34 28 15 41 40 44 34 42 20 28 27 38 42 13 11 17 35 36 60 38 42 39 38 8 41 40 40 44 41 34 16 19 17 11 30 31 33 23 31 35 13 15 0 21 9 19 35 41 27 44 37 20 
39 31 22 28 21 32 24 28 25 23 24 28 24 30 25 42 40 13 45 53 68 52 58 47 26 24 47 43 23 29 25 17 59 52 65 53 62 39 47 39 52 56 24 20 15 24 34 52 27 59 57 57 26 57 57 55 38 52 22 29 36 29 11 33 28 27 19 28 34 30 27 21 0 22 30 47 56 39 59 52 39 
18 36 35 13 34 36 25 32 28 28 25 28 27 10 46 21 21 26 25 37 54 33 37 29 12 36 59 24 36 37 31 8 38 32 45 35 43 18 27 20 33 37 5 20 20 27 28 52 31 46 36 36 6 38 36 36 47 33 35 9 15 9 14 39 34 36 26 34 41 9 7 10 23 0 12 28 37 20 40 33 18 
15 32 38 3 36 30 19 27 22 22 20 21 21 5 50 16 11 30 24 44 60 33 30 29 5 40 63 14 39 47 41 13 31 23 44 37 43 15 25 10 23 28 7 30 30 22 17 43 25 54 31 33 12 28 28 26 57 24 38 6 13 4 24 49 44 46 36 44 51 9 7 20 30 12 0 18 27 10 30 23 15 
17 48 55 20 53 44 35 42 38 38 36 31 37 19 67 13 10 47 25 44 60 33 19 30 22 56 80 4 56 64 58 30 20 6 39 37 41 17 27 10 7 11 24 45 47 37 24 48 40 55 21 24 27 17 16 14 73 7 55 20 19 19 40 60 60 62 52 61 65 24 21 35 47 27 18 0 15 10 15 7 17 
21 58 64 29 62 56 45 53 48 48 46 43 47 28 76 17 18 56 23 36 52 27 9 24 31 65 89 18 65 71 66 39 10 13 29 29 32 21 21 18 10 11 33 49 56 48 37 60 51 48 11 15 33 5 6 4 79 15 64 29 24 29 49 65 69 70 61 68 69 30 30 41 56 37 27 15 0 18 8 9 21 
10 41 47 12 45 39 28 35 31 31 29 26 30 11 59 7 1 39 20 40 55 28 22 24 14 48 72 11 48 56 50 22 22 16 38 32 38 10 21 3 15 19 16 37 39 31 22 48 34 50 23 24 19 20 19 17 65 17 47 12 11 12 32 53 52 54 44 53 58 16 13 27 39 20 10 11 19 0 21 14 10 
24 61 67 32 65 57 48 55 50 51 49 44 50 31 79 20 21 59 29 41 57 32 14 29 34 68 92 18 67 75 70 42 15 11 34 34 37 24 27 20 11 6 36 52 58 49 37 55 53 53 16 20 36 11 12 5 83 9 67 32 27 31 52 68 72 74 64 71 73 33 33 44 59 39 30 15 8 20 0 9 24 
17 54 60 25 58 51 41 48 44 44 42 38 43 24 72 13 14 52 22 38 54 28 12 25 27 61 85 11 60 68 63 35 13 6 33 31 35 17 22 13 2 6 29 45 52 44 31 55 47 50 14 18 29 9 9 7 76 9 60 25 20 24 45 61 65 67 57 64 66 26 26 37 52 32 23 7 8 13 9 0 17 
0 44 49 16 47 42 31 38 34 34 31 33 33 11 60 4 10 40 11 31 46 20 23 16 16 50 74 18 50 51 46 22 24 20 31 23 29 1 12 10 18 23 15 29 35 33 30 57 36 41 22 22 13 22 22 20 59 23 49 11 4 11 30 44 48 50 40 47 49 10 13 20 39 18 15 17 21 9 24 18 0 