TRIPS: 6
VEHICLES: 20
NRSTATIONS: 54
NRCOMPARTMENTS: 3
CAPACITY: 8000
NRPRODUCTS: 2
VEHICLE SECTION <compartment number> <capacity> <vehicle_id>
2 12 0
2 12 1
2 12 2
1 4 3
1 4 4
2 12 5
2 12 6
1 15 7
1 12 8
2 12 9
2 12 10
2 12 11
2 7 12
2 12 13
2 12 14
2 12 15
2 12 16
1 15 17
2 10 18
2 12 19
DEMANDS SECTION <customer_id> <demand_p1> <demand_p2> ... <demand_NRPRODUCTS>
0 0 0
1 12000 11000
2 14000 0
3 14000 0
4 10000 6000
5 48000 24000
6 12000 12000
7 46000 12000
8 14000 0
9 10000 0
10 17000 17000
11 9000 8000
12 7000 6000
13 24000 12000
14 25000 32000
15 15000 0
16 20000 8000
17 23000 34000
18 18000 20000
19 15000 0
20 45000 35000
21 20000 0
22 34000 23000
23 22000 0
24 12000 0
25 27000 9000
26 12000 8000
27 12000 12000
28 34000 18000
29 6000 7000
30 12000 10000
31 20000 11000
32 22000 12000
33 20000 0
34 12000 9000
35 12000 11000
36 8000 6000
37 32000 27000
38 8000 5000
39 10000 0
40 19000 16000
41 16000 0
42 10000 0
43 7000 9000
44 22000 9000
45 10000 0
46 39000 17000
47 14000 0
48 11000 0
49 11000 0
50 15000 0
51 0 14000
52 12000 10000
53 24000 0
54 18000 0
55 0 0
DISTANCE SECTION (full distance matrix 0=depot 1 2 ... NRSTATION)
0 21 31 21 21 17 13 24 7 23 19 63 73 13 23 9 10 16 16 17 22 16 22 3 24 13 26 18 7 11 9 31 23 8 38 20 74 21 21 21 18 28 8 20 23 26 22 20 15 9 40 24 11 24 24 0 
21 0 20 3 3 36 9 3 27 4 39 76 87 33 43 20 28 36 36 18 41 9 42 22 28 32 45 38 15 14 14 24 17 28 21 14 94 39 41 4 38 41 23 40 36 40 36 27 7 23 54 16 15 38 29 21 
29 17 0 18 18 44 19 15 34 16 46 74 84 40 50 27 36 43 43 19 49 25 49 30 19 40 52 45 22 22 20 8 10 35 12 9 101 48 48 15 45 51 30 47 46 50 46 42 19 33 64 5 21 48 19 29 
19 2 19 0 1 33 6 6 24 6 36 74 84 31 40 17 25 33 33 16 39 9 39 20 26 30 42 35 12 11 11 23 15 25 22 11 91 36 38 4 35 39 21 38 33 37 33 29 5 20 51 14 12 35 26 19 
19 2 19 1 0 33 6 6 24 6 36 74 84 31 40 17 25 33 33 16 39 9 39 20 26 30 42 35 12 11 11 23 15 25 22 11 91 36 38 4 35 39 21 38 33 37 33 29 5 20 51 14 12 35 26 19 
16 34 45 35 35 0 27 38 10 38 7 64 72 9 11 21 8 4 10 31 13 28 10 13 36 8 22 5 21 25 23 45 37 9 52 35 64 5 15 35 10 17 19 7 9 16 11 19 29 13 29 38 25 13 36 16 
13 8 21 8 8 29 0 11 19 11 31 69 79 25 35 12 21 28 28 11 33 9 34 14 21 24 37 30 7 6 6 21 13 20 25 10 86 32 33 8 30 35 15 32 29 33 29 25 3 16 47 14 7 31 21 13 
25 6 17 6 6 39 12 0 30 1 42 80 90 36 46 23 31 39 39 19 45 14 45 25 28 36 48 41 18 17 17 23 16 31 18 13 97 43 44 4 41 45 26 43 39 43 39 30 11 26 57 15 18 41 28 25 
7 26 36 26 26 11 18 29 0 29 13 63 72 7 17 12 4 10 10 22 16 22 16 5 27 7 20 12 12 17 14 36 28 2 43 26 68 15 15 26 12 25 10 14 20 23 18 21 20 11 37 29 16 20 27 7 
24 6 17 6 6 39 11 1 29 0 41 79 89 35 45 22 31 38 38 19 44 13 44 25 27 35 47 40 17 17 16 22 15 30 18 13 96 42 43 3 40 44 25 42 39 43 39 29 10 26 56 14 17 41 27 24 
19 37 48 38 38 7 30 41 13 40 0 60 69 7 6 24 12 4 8 34 9 32 4 16 39 7 19 3 24 28 26 48 40 12 55 37 58 8 12 38 7 21 21 2 14 20 16 24 32 19 34 41 28 18 39 19 
63 76 75 76 76 63 68 79 64 78 60 0 13 58 62 59 65 60 55 65 51 74 61 63 57 59 46 60 64 68 64 74 72 64 85 70 50 68 51 76 56 80 55 61 73 79 74 80 70 72 93 71 62 76 57 63 
66 79 79 79 79 65 71 82 66 82 61 6 0 60 63 62 67 61 57 68 53 77 63 66 60 61 48 62 67 72 68 77 76 66 89 73 55 69 53 79 57 82 58 63 74 80 75 81 74 74 94 75 66 78 60 66 
13 32 42 33 33 8 25 36 7 35 6 57 66 0 10 18 8 4 4 29 10 28 9 11 33 2 15 5 18 23 21 43 35 7 50 32 62 12 9 33 6 25 16 7 17 23 18 24 27 15 37 36 23 21 34 13 
25 44 54 44 44 13 36 47 19 46 7 62 70 12 0 30 18 10 10 40 11 38 3 22 45 14 21 10 30 34 32 54 46 18 61 43 54 13 14 44 9 25 28 6 18 23 20 30 38 25 37 47 34 22 45 25 
8 19 29 19 19 22 11 22 12 22 24 59 70 18 28 0 15 21 21 14 26 18 27 9 18 17 26 22 5 10 7 29 21 13 36 18 78 26 23 19 23 36 4 25 30 34 29 27 13 16 48 22 7 32 19 8 
10 27 38 28 28 9 21 30 4 31 12 65 73 9 17 15 0 9 11 25 16 21 15 8 30 7 22 10 15 18 17 38 30 3 46 28 69 13 17 28 12 22 13 13 17 20 14 18 22 8 34 31 19 17 30 10 
16 35 45 35 35 4 27 38 10 38 5 62 70 8 10 21 8 0 8 31 11 29 9 13 36 6 20 3 21 25 23 45 37 9 52 34 62 9 13 35 8 21 19 6 14 20 15 20 29 15 34 38 25 17 36 16 
16 35 45 35 35 10 28 38 10 38 7 55 64 4 10 21 11 7 0 32 6 31 10 14 36 5 13 7 21 26 24 46 37 10 53 35 58 15 6 35 3 27 19 9 20 26 21 27 30 18 40 39 25 24 36 16 
14 15 20 15 15 29 8 18 19 17 31 62 72 26 35 11 22 28 28 0 34 16 34 15 14 25 36 30 7 10 5 21 13 20 29 10 86 33 33 15 30 39 14 33 33 37 33 29 9 19 51 14 5 35 14 14 
21 40 50 41 41 13 33 43 15 43 9 51 60 9 11 25 16 9 6 37 0 36 11 19 40 10 10 9 26 31 29 51 43 15 58 40 53 17 3 41 5 29 21 10 22 28 23 29 35 23 42 44 31 26 40 21 
16 9 26 10 10 28 9 12 22 13 33 74 84 28 37 18 21 29 31 19 36 0 36 18 29 27 40 31 13 10 13 29 21 23 29 18 89 31 36 12 32 34 19 33 28 32 28 21 7 15 46 21 15 30 29 16 
23 42 52 42 42 12 35 45 17 45 5 61 70 11 2 28 16 9 9 39 10 37 0 21 43 12 20 8 28 33 31 53 45 17 60 42 55 12 13 42 8 23 26 5 16 22 19 29 37 24 36 46 32 20 44 23 
3 22 31 22 22 15 14 25 5 24 17 63 73 11 21 9 8 14 13 18 19 18 20 0 24 10 24 15 8 13 10 32 24 6 39 21 71 18 19 22 16 27 7 18 21 25 21 20 16 10 39 25 12 23 24 3 
25 28 20 26 26 37 21 27 27 27 39 57 67 33 43 18 30 36 35 14 41 29 42 24 0 32 40 37 21 23 18 18 17 28 30 15 89 40 38 26 37 51 19 40 46 49 44 43 22 33 63 16 17 46 1 25 
12 30 41 31 31 8 23 34 5 33 9 60 69 4 13 17 7 5 7 27 12 26 12 9 32 0 17 7 17 21 19 41 33 5 48 30 65 12 12 31 8 24 15 9 17 23 18 24 25 14 37 34 21 21 32 12 
26 44 54 44 44 20 36 47 20 47 17 45 54 14 19 26 21 17 12 39 9 40 19 23 41 15 0 17 30 35 32 55 46 20 61 44 53 25 7 44 13 38 22 19 30 36 31 37 39 29 50 47 32 34 41 26 
17 36 46 37 37 5 29 39 11 39 2 59 68 6 7 22 10 3 6 33 8 31 5 15 37 6 18 0 22 27 25 47 39 11 54 36 59 9 11 37 6 22 20 3 14 20 15 23 31 18 34 40 27 18 38 17 
7 14 24 15 15 22 7 18 12 17 24 64 74 18 28 5 15 21 21 10 27 13 27 8 21 18 30 23 0 6 3 25 17 13 32 14 79 26 26 15 23 33 8 25 28 32 28 25 9 14 46 17 5 30 21 7 
10 13 24 14 14 26 6 17 16 16 28 67 77 22 32 8 17 25 24 11 30 10 31 11 21 21 33 26 4 0 4 24 16 17 31 13 82 29 29 14 26 33 12 29 27 31 27 22 8 13 45 17 6 29 22 10 
9 13 22 13 13 25 5 16 15 16 27 64 74 21 31 7 18 24 23 8 29 13 29 10 18 20 32 25 2 6 0 23 14 15 30 11 81 28 28 13 25 35 11 28 29 33 29 25 7 15 47 15 3 31 19 9 
23 16 12 14 14 38 13 15 28 15 40 72 82 35 44 21 30 37 37 13 43 20 43 24 17 34 46 39 16 16 14 0 4 29 21 3 95 42 42 14 39 45 24 41 40 44 40 36 13 27 58 5 15 42 17 23 
31 23 10 22 22 46 21 22 36 22 48 74 84 42 52 29 38 45 45 21 51 28 51 32 19 42 54 47 24 24 22 8 0 37 19 11 103 50 50 20 47 53 32 49 48 52 48 44 21 35 66 11 23 50 19 31 
7 26 36 26 26 10 19 29 1 29 13 62 71 7 17 12 3 9 10 23 15 22 16 5 27 6 20 11 12 17 15 37 29 0 44 26 68 14 15 26 12 24 10 13 19 22 17 20 21 10 36 30 16 20 28 7 
39 22 14 22 22 55 26 18 44 18 56 86 96 51 60 37 46 53 53 30 59 29 59 40 31 50 62 55 32 32 31 21 22 45 0 21 111 58 58 18 55 60 41 58 55 59 55 46 25 42 72 18 32 57 31 39 
20 13 11 12 12 35 10 13 25 13 37 70 80 32 41 18 27 34 34 10 40 17 40 21 15 31 43 36 13 13 11 12 3 26 20 0 92 39 39 12 36 42 21 38 37 41 37 33 10 24 55 4 12 39 16 20 
75 94 104 94 94 64 86 97 69 97 58 50 62 62 55 78 69 61 59 89 53 89 55 72 89 64 55 61 80 84 82 104 96 69 111 93 0 65 56 94 57 76 75 58 70 76 72 81 88 77 90 97 84 74 89 75 
21 38 50 38 38 7 33 41 15 42 11 69 78 16 13 26 14 10 17 37 18 31 12 19 41 14 28 10 26 30 29 51 43 14 57 40 65 0 21 40 16 13 24 9 6 12 8 19 33 18 26 44 30 10 41 21 
21 39 50 40 40 16 32 43 15 42 12 50 59 9 14 23 16 12 7 36 4 35 14 18 38 10 7 12 26 30 28 50 42 14 57 39 56 20 0 40 8 32 19 14 25 31 26 32 34 24 45 43 29 29 38 21 
21 4 17 4 4 37 9 3 27 3 39 76 86 33 43 20 29 36 36 16 41 12 42 22 26 32 44 37 15 14 14 21 14 28 17 12 94 41 41 0 38 43 23 40 37 41 37 31 8 24 55 13 15 39 26 21 
17 36 46 37 37 11 29 40 11 39 8 54 63 5 11 22 12 8 2 33 5 32 10 15 38 6 12 8 23 27 25 47 39 11 54 36 58 16 5 37 0 28 20 10 21 27 22 28 31 19 41 40 27 25 38 17 
28 40 53 40 40 17 36 43 24 44 21 80 89 26 23 35 21 21 27 42 29 33 23 27 50 25 38 21 33 33 35 53 45 23 59 42 77 14 32 42 27 0 33 20 9 6 8 21 35 20 14 46 37 8 50 28 
8 22 32 23 23 20 15 26 10 25 22 55 66 16 26 4 13 18 18 18 22 19 25 8 19 15 22 20 8 13 11 33 25 11 40 22 73 24 19 23 20 34 0 23 29 32 27 28 17 17 46 26 10 29 19 8 
20 39 49 39 39 8 31 42 14 42 3 61 70 9 5 25 13 5 9 35 10 33 4 17 40 9 20 4 25 29 27 49 41 13 56 38 57 8 13 39 9 20 23 0 13 19 15 25 33 20 33 42 29 17 40 20 
22 34 47 35 35 10 31 37 18 38 14 73 82 19 17 29 15 14 20 36 22 28 16 21 44 18 31 14 27 27 29 47 39 17 53 36 69 7 24 36 20 8 27 13 0 6 2 15 29 15 20 40 31 4 44 22 
26 39 51 39 39 15 35 42 22 42 20 79 87 25 22 34 19 20 26 41 28 32 22 25 49 23 37 20 32 31 33 52 44 21 58 41 75 13 30 41 26 6 32 19 7 0 6 19 34 19 14 45 36 5 49 26 
22 34 47 35 35 10 31 38 17 38 16 74 82 19 19 28 14 14 21 36 22 28 18 21 43 18 32 14 28 27 29 47 39 16 54 37 72 9 25 36 21 9 26 15 3 6 0 13 30 14 20 40 31 4 44 22 
20 28 43 29 29 19 25 29 21 29 25 80 89 26 30 27 18 21 27 32 29 21 28 21 42 24 38 23 24 21 25 43 35 20 46 33 82 20 32 30 27 22 28 25 17 19 14 0 26 13 31 36 27 16 42 20 
15 6 20 7 7 31 3 10 21 10 33 70 80 27 37 13 23 30 29 12 35 7 35 16 22 26 38 31 9 7 7 22 14 21 25 11 87 34 34 8 31 36 17 34 31 34 30 26 0 17 48 14 9 32 22 15 
9 21 34 22 22 13 18 25 11 25 19 72 81 16 24 16 8 16 18 22 24 15 23 10 33 15 29 17 13 14 15 34 26 11 41 24 76 17 24 23 19 21 17 20 15 19 15 13 17 0 33 27 17 17 33 9 
40 52 65 52 52 29 48 55 36 56 34 92 101 38 36 47 33 33 39 54 41 45 35 38 62 37 51 33 45 45 47 65 57 35 71 54 89 26 44 54 39 14 45 32 21 13 19 31 47 32 0 58 49 19 62 40 
23 15 7 14 14 39 14 14 29 14 41 71 82 35 45 22 31 38 38 13 43 21 44 24 16 34 47 40 17 17 15 11 5 30 17 4 96 43 43 13 40 46 25 42 41 45 41 37 14 28 58 0 16 43 17 23 
11 14 22 14 14 26 6 17 16 16 28 62 72 22 32 7 19 25 25 7 31 15 31 12 17 22 32 27 4 7 2 23 15 17 31 12 83 30 30 14 27 36 11 29 31 35 31 27 8 17 48 16 0 33 17 11 
24 37 49 37 37 14 33 40 20 40 19 77 86 23 21 32 17 18 24 39 26 30 20 23 47 22 36 18 30 29 31 50 42 20 56 39 74 11 29 39 24 8 30 17 6 5 4 16 32 17 19 43 34 0 47 24 
25 28 21 26 26 37 21 27 27 27 39 57 67 33 43 18 30 36 36 14 41 29 42 25 1 32 41 37 21 23 19 19 17 28 30 15 89 41 38 26 38 51 19 40 46 49 44 43 22 33 63 17 17 47 0 25 
0 21 31 21 21 17 13 24 7 23 19 63 73 13 23 9 10 16 16 17 22 16 22 3 24 13 26 18 7 11 9 31 23 8 38 20 74 21 21 21 18 28 8 20 23 26 22 20 15 9 40 24 11 24 24 0 