TRIPS: 6
VEHICLES: 15
NRSTATIONS: 59
NRCOMPARTMENTS: 3
CAPACITY: 8000
NRPRODUCTS: 2
VEHICLE SECTION <compartment number> <capacity> <vehicle_id>
2 12 0
1 8 1
2 12 2
2 12 3
2 12 4
2 12 5
1 6 6
2 12 7
2 12 8
2 12 9
2 12 10
2 12 11
4 8 12
2 12 13
2 12 14
DEMANDS SECTION <customer_id> <demand_p1> <demand_p2> ... <demand_NRPRODUCTS>
0 0 0
1 11000 12000
2 0 12000
3 12000 12000
4 24000 0
5 12000 12000
6 7000 9000
7 60000 0
8 9000 8000
9 10000 6000
10 10000 7000
11 24000 12000
12 24000 12000
13 24000 12000
14 0 10000
15 11000 10000
16 24000 22000
17 24000 24000
18 12000 11000
19 24000 12000
20 24000 12000
21 24000 12000
22 12000 0
23 10000 10000
24 36000 12000
25 12000 12000
26 12000 12000
27 0 10000
28 10000 0
29 36000 59000
30 36000 19000
31 12000 0
32 24000 12000
33 12000 12000
34 12000 0
35 20000 12000
36 12000 12000
37 10000 9000
38 6000 5000
39 10000 0
40 24000 0
41 10000 10000
42 10000 0
43 28000 0
44 12000 8000
45 22000 24000
46 18000 24000
47 8000 12000
48 10000 0
49 12000 0
50 10000 0
51 32000 12000
52 12000 11000
53 36000 0
54 12000 0
55 12000 12000
56 12000 12000
57 12000 0
58 12000 12000
59 12000 11000
60 0 0
DISTANCE SECTION (full distance matrix 0=depot 1 2 ... NRSTATION)
0 23 59 51 5 59 18 17 25 72 56 13 5 6 17 8 14 17 18 9 23 11 23 9 4 10 14 11 14 24 9 8 16 8 13 11 16 113 127 17 19 17 14 4 20 13 13 16 20 12 4 10 46 12 17 14 17 13 11 9 0 
22 0 81 73 20 81 9 7 31 56 41 32 17 26 34 28 13 6 11 20 14 33 20 15 26 13 19 20 34 11 31 30 11 30 23 32 15 113 127 23 25 30 36 26 11 12 23 20 7 34 20 32 68 15 7 36 38 15 13 15 22 
61 83 0 16 65 21 78 77 79 128 112 65 65 61 67 62 71 77 75 65 79 62 79 69 61 70 71 68 60 84 52 54 76 59 67 52 74 146 160 70 66 60 53 58 78 73 67 70 80 56 64 52 30 72 77 48 56 70 71 69 61 
51 73 16 0 56 9 68 68 69 118 102 53 55 51 54 53 61 68 66 55 69 52 70 59 52 61 61 58 46 74 42 44 66 49 58 42 64 149 163 60 56 50 43 49 68 63 58 60 70 46 54 42 15 63 67 38 42 60 61 59 51 
4 21 64 55 0 64 17 16 25 67 51 16 4 8 19 12 13 16 16 8 21 16 22 5 9 9 14 11 17 23 13 12 12 13 12 15 11 112 126 17 18 18 19 8 19 10 12 14 19 16 2 14 51 8 16 18 21 12 10 5 4 
60 82 22 9 65 0 77 77 78 127 111 62 64 60 63 62 70 77 75 64 78 61 79 68 61 70 70 67 55 83 51 53 75 58 67 51 73 158 172 69 65 59 52 58 77 72 67 69 79 55 63 51 21 72 76 47 51 69 70 68 60 
20 9 79 70 18 79 0 4 38 64 49 25 15 22 28 28 8 6 4 15 6 31 12 13 24 10 12 13 30 8 29 27 18 28 28 30 22 119 133 30 31 33 34 24 3 12 28 27 6 31 17 29 66 20 3 33 34 10 10 13 20 
18 7 77 68 16 77 4 0 34 62 46 27 13 21 29 26 8 2 6 15 9 29 15 11 22 8 14 15 29 7 27 25 14 26 26 28 18 116 129 26 27 31 32 22 6 9 26 23 4 29 16 28 64 18 2 31 33 10 9 11 18 
21 18 80 71 17 80 24 22 0 53 37 32 19 25 36 20 23 21 26 23 30 26 32 19 21 19 27 26 33 27 30 29 11 24 15 30 9 98 112 13 16 22 30 25 26 16 15 12 23 26 18 30 67 11 22 34 37 23 20 19 21 
57 40 112 104 52 113 48 47 41 0 6 68 52 60 71 53 50 45 50 55 53 58 57 50 56 48 56 57 69 46 62 61 42 57 48 62 44 87 103 46 48 55 62 60 50 45 48 46 44 59 54 63 99 46 47 67 70 52 48 50 57 
55 41 110 102 50 111 49 48 39 17 0 66 52 58 69 51 51 46 51 56 54 56 58 51 54 49 56 57 67 47 60 59 42 55 46 60 42 81 99 44 46 53 60 58 51 46 46 44 45 57 52 61 97 45 48 65 68 52 49 51 55 
13 31 67 54 16 62 24 25 39 83 67 0 14 8 5 22 18 26 21 13 22 22 22 18 18 20 12 11 8 31 18 16 26 21 26 19 27 126 140 31 33 29 23 16 23 22 26 30 28 23 15 19 47 22 24 20 12 17 19 18 13 
7 18 66 57 6 66 13 12 29 68 53 17 0 11 21 15 9 12 13 6 18 18 20 4 11 5 12 9 19 19 16 14 12 15 17 17 14 116 130 21 23 22 21 11 15 8 17 18 15 18 4 16 53 9 12 20 23 8 6 4 7 
8 28 62 54 11 61 23 23 32 77 61 9 10 0 12 15 16 23 20 10 22 17 22 14 11 16 13 11 9 29 13 10 22 15 20 14 21 120 134 24 26 24 17 9 22 18 20 23 25 17 9 14 47 18 23 17 14 15 16 14 8 
17 35 69 55 20 63 27 29 42 86 70 5 19 11 0 24 21 29 25 17 26 25 26 23 21 24 16 16 8 34 20 18 30 23 29 21 30 128 142 34 35 31 25 19 26 26 29 33 32 25 18 21 48 27 28 22 12 20 23 23 17 
9 28 61 52 12 61 26 26 17 67 50 21 13 14 25 0 22 25 26 17 31 7 31 15 5 18 22 19 17 32 11 9 17 6 5 11 13 105 119 9 11 9 11 9 28 19 5 8 28 7 12 11 48 13 25 15 18 21 19 15 9 
15 15 72 64 13 72 8 9 35 68 52 19 10 15 21 23 0 10 6 7 10 26 11 8 19 5 6 7 23 16 24 22 15 23 24 26 19 118 132 27 29 29 29 19 8 8 24 24 12 27 13 25 60 16 8 27 27 3 4 8 15 
16 7 76 67 15 76 6 4 32 61 46 27 12 20 29 25 8 0 8 14 12 28 15 10 21 7 13 15 29 9 25 24 13 25 25 27 17 114 128 24 26 30 31 20 9 8 25 21 5 28 14 26 63 16 4 30 33 9 7 10 16 
18 12 76 68 16 76 4 6 37 67 51 23 13 18 26 26 5 8 0 11 6 29 11 11 22 7 10 12 27 12 26 25 17 26 26 28 22 120 133 29 31 31 32 21 3 11 26 26 9 29 15 27 64 18 6 31 31 6 7 11 18 
9 20 66 58 8 66 13 14 31 71 56 14 4 8 17 17 7 15 11 0 14 20 15 8 13 8 6 5 17 21 17 16 15 17 19 19 17 118 132 23 25 24 23 13 13 10 19 20 17 21 7 18 54 12 13 21 21 5 7 8 9 
24 15 81 73 22 82 7 10 44 70 55 26 19 23 28 32 11 11 7 16 0 35 7 17 28 14 13 14 30 13 33 32 24 32 33 34 28 125 139 35 37 38 38 28 6 17 33 33 11 35 22 34 68 24 9 37 35 12 13 17 24 
11 28 63 54 13 63 28 27 17 66 50 23 15 15 26 2 24 27 28 19 33 0 33 16 6 20 24 21 19 34 13 11 17 7 6 13 12 106 120 10 12 10 13 10 30 20 6 8 30 9 14 13 50 14 27 17 20 23 21 16 11 
24 21 81 73 23 81 13 15 45 74 59 24 19 22 26 32 12 16 10 15 9 35 0 18 28 15 11 13 29 18 32 31 25 32 34 34 29 126 140 36 38 39 38 28 12 18 34 33 18 35 22 33 67 25 14 36 34 12 14 18 24 
7 18 66 58 5 66 14 13 28 66 51 18 3 11 22 15 9 13 13 7 18 18 20 0 11 6 12 10 19 19 16 15 9 15 16 18 13 115 129 20 22 21 21 11 15 7 16 17 15 19 5 17 53 8 12 21 24 8 6 1 7 
6 27 60 52 10 61 23 22 21 70 54 18 10 10 21 4 19 22 22 13 28 8 27 13 0 15 19 16 17 29 10 9 16 5 9 10 14 109 123 13 15 13 11 5 25 18 9 12 25 9 9 11 48 12 22 15 18 18 16 13 6 
10 13 69 61 8 70 9 8 30 64 49 21 6 14 24 18 4 8 8 8 13 21 14 3 14 0 8 9 22 14 19 18 10 18 19 21 14 113 127 22 24 24 24 14 10 3 19 19 10 22 8 20 56 11 7 24 27 4 1 3 10 
15 19 72 63 14 72 12 13 37 71 56 14 10 12 16 23 6 14 9 6 10 26 10 10 19 8 0 3 19 19 23 21 18 23 25 25 22 121 135 29 31 30 28 18 11 11 25 26 17 26 12 24 57 17 12 27 23 5 8 10 15 
13 20 70 61 12 70 13 14 35 72 57 14 8 11 17 21 7 15 11 6 12 24 12 11 17 9 3 0 18 20 21 20 18 21 23 23 20 122 136 27 29 28 26 17 12 11 23 24 18 24 10 22 56 15 13 25 22 6 8 11 13 
14 35 62 48 17 55 29 30 35 84 68 7 17 9 8 18 23 30 27 17 29 19 29 21 15 23 19 17 0 36 13 11 28 16 22 14 28 121 135 27 28 24 18 14 29 25 22 26 32 18 16 14 41 24 29 15 4 22 23 21 14 
24 11 83 75 22 83 8 8 40 63 48 31 19 27 34 32 14 9 10 20 11 35 17 17 28 14 18 20 35 0 33 32 20 32 32 34 24 120 134 32 34 37 38 28 8 16 32 29 6 35 22 34 70 24 7 37 39 16 14 17 24 
10 32 51 42 14 51 27 26 28 77 61 18 14 13 20 11 23 26 27 18 32 11 31 17 10 19 23 20 13 33 0 3 25 8 16 2 23 110 124 20 17 13 6 7 29 22 16 19 29 6 13 2 38 21 26 5 11 22 20 17 10 
8 30 53 44 13 53 26 25 27 76 60 16 12 10 18 9 21 25 25 16 30 11 30 16 9 18 21 18 11 31 3 0 23 7 14 4 22 111 125 19 18 14 8 5 27 20 14 18 27 7 11 4 40 20 24 7 11 20 18 16 8 
16 12 75 66 12 75 16 15 20 58 42 26 11 19 30 17 14 13 17 15 22 23 24 9 17 10 18 18 28 19 25 23 0 21 13 26 5 106 120 12 14 20 27 20 19 8 13 9 15 23 13 25 62 5 15 29 32 14 11 9 16 
10 32 56 47 14 56 27 26 23 73 56 20 14 14 23 6 23 26 27 18 32 7 31 17 5 19 23 20 15 33 5 5 21 0 11 5 19 107 121 15 14 10 6 8 29 22 11 15 29 4 13 6 43 17 26 10 15 22 20 17 10 
14 24 65 57 12 66 27 26 14 62 46 26 15 18 29 5 23 26 27 19 32 12 33 16 9 19 25 22 22 31 15 14 13 10 0 15 8 100 114 5 6 9 16 13 29 19 1 4 27 12 14 16 53 13 26 20 23 22 20 16 14 
11 33 51 42 16 51 29 28 28 77 61 19 15 14 21 10 24 28 28 19 33 11 33 19 10 21 25 22 14 34 2 4 26 7 15 0 23 110 124 20 17 11 4 9 30 24 15 19 31 5 14 1 38 22 28 5 13 23 22 19 11 
15 16 73 64 10 73 20 19 16 59 42 26 13 18 29 13 18 17 22 16 26 19 28 13 14 14 22 19 27 23 23 22 4 18 8 23 0 103 117 8 10 15 23 19 23 12 8 5 19 19 12 23 60 5 19 27 31 18 15 13 15 
103 102 136 139 101 147 109 107 85 84 75 115 104 107 118 94 108 106 110 107 114 100 116 104 98 104 112 110 111 109 100 101 95 97 89 99 92 0 24 87 83 89 97 102 111 101 89 88 107 95 103 101 135 96 107 102 110 108 105 104 103 
111 110 143 147 109 155 116 115 93 82 80 123 111 115 126 102 116 113 118 115 122 108 124 112 106 112 120 118 119 117 108 108 103 105 97 107 100 41 0 95 91 97 105 110 119 109 97 96 115 103 111 108 143 104 115 110 118 116 112 112 111 
17 22 68 59 15 68 26 25 13 60 44 29 18 21 32 8 24 23 27 22 32 14 34 19 12 20 28 25 25 29 18 17 10 13 3 18 6 97 111 0 4 10 17 16 29 18 3 2 25 14 17 19 55 11 25 22 26 24 21 19 17 
20 25 65 57 19 65 30 28 16 62 46 32 21 25 36 11 27 27 31 25 35 18 38 22 16 23 31 28 28 33 17 18 14 14 7 17 10 94 108 5 0 7 15 20 32 21 7 5 29 12 20 18 53 15 28 20 27 27 24 22 20 
17 30 59 51 17 59 32 31 21 68 52 28 20 22 31 8 28 31 31 24 36 13 38 20 13 24 29 26 23 38 12 13 19 10 8 11 15 99 113 10 6 0 9 16 33 24 8 10 34 8 19 12 47 18 30 14 23 27 24 20 17 
15 37 52 43 20 52 33 32 28 77 61 23 19 18 25 11 28 32 32 23 37 12 37 23 11 25 28 25 18 38 6 8 27 8 16 4 23 107 121 19 15 9 0 13 34 27 16 19 34 5 18 5 40 23 31 7 17 27 25 23 15 
3 25 58 50 7 58 20 19 24 74 58 14 7 8 18 7 16 19 20 11 25 10 25 11 3 12 16 13 12 26 8 7 18 7 12 10 17 112 126 16 18 16 13 0 22 15 12 15 22 11 6 9 45 14 19 13 15 15 13 11 3 
20 11 78 70 18 78 3 6 39 66 50 24 15 21 26 28 7 7 2 13 4 31 11 13 24 9 11 12 28 9 29 27 19 28 28 30 24 121 134 31 33 33 34 23 0 13 28 28 7 31 17 29 66 20 5 33 33 8 9 13 20 
13 12 72 63 10 72 11 10 27 61 46 24 8 17 27 19 7 8 11 11 16 24 18 6 17 3 12 12 25 15 22 20 8 21 20 23 12 110 124 19 21 25 27 17 13 0 20 16 11 24 11 23 59 9 9 26 29 7 4 6 13 
14 24 65 57 12 66 27 26 14 62 46 26 15 18 29 5 23 26 27 19 32 12 33 16 9 19 25 22 22 31 15 14 13 10 1 15 8 100 114 5 6 9 16 13 29 19 0 4 27 12 14 16 53 13 26 20 23 22 20 16 14 
17 20 69 60 13 69 25 23 12 61 45 29 16 21 32 9 22 22 26 20 30 15 33 17 13 18 26 23 26 27 19 18 9 14 4 19 4 99 113 4 6 11 19 17 27 16 4 0 23 15 15 19 56 9 23 23 27 22 19 17 17 
20 6 79 70 18 79 6 5 35 61 45 30 15 23 32 28 11 3 8 17 11 31 17 13 24 10 17 18 32 7 29 27 15 28 27 30 19 118 130 26 28 34 34 24 8 11 27 23 0 31 17 29 66 19 5 33 36 13 11 13 20 
12 34 55 46 17 55 30 29 25 74 58 22 16 17 25 8 25 29 29 20 34 8 34 20 8 22 25 23 17 35 6 7 24 5 12 5 20 106 120 16 13 8 5 10 31 24 12 15 31 0 15 6 42 19 28 9 16 24 22 20 12 
3 23 62 53 6 62 19 18 27 71 55 14 6 7 17 11 15 18 18 9 24 14 24 9 7 11 15 12 15 25 12 10 17 11 15 13 15 114 128 19 21 19 17 7 21 14 15 17 21 14 0 12 49 13 18 16 19 14 12 9 3 
11 33 50 41 16 50 29 28 29 78 62 19 15 14 22 11 24 28 28 19 33 12 33 19 11 21 24 21 14 34 2 4 26 8 16 1 24 111 125 21 18 12 5 9 30 23 16 20 30 6 14 0 37 23 27 4 12 23 21 19 11 
47 69 30 15 51 20 64 63 65 114 98 46 51 46 47 48 58 63 62 52 66 48 66 54 47 56 56 54 40 70 38 40 62 45 53 38 60 145 159 57 53 46 40 44 65 59 53 56 66 42 50 38 0 58 63 34 36 57 57 54 47 
12 16 71 63 8 71 16 15 21 61 45 23 8 16 27 13 13 16 17 12 22 18 24 8 12 9 17 15 24 22 21 20 4 17 13 22 5 107 121 13 14 19 23 16 19 9 13 10 18 19 10 22 58 0 15 26 29 13 10 8 12 
18 9 77 68 16 77 2 2 36 64 48 25 13 20 28 26 7 4 4 13 8 29 13 11 22 8 12 14 28 9 27 26 16 26 26 28 20 117 131 28 30 32 32 22 5 10 26 25 6 29 16 28 64 18 0 31 33 8 8 11 18 
16 37 49 41 20 48 33 32 34 83 67 19 20 16 21 17 28 32 32 22 36 17 36 23 16 25 27 25 14 39 6 9 31 14 22 7 29 114 128 25 21 15 8 13 34 28 22 25 35 11 19 6 34 27 32 0 11 27 26 23 16 
17 39 58 44 21 51 33 34 35 85 68 12 21 13 12 18 27 34 31 21 33 19 33 25 17 27 23 21 5 40 11 11 32 17 23 13 31 120 134 28 27 23 16 14 33 29 23 27 36 16 20 12 37 28 33 12 0 26 27 25 17 
13 16 71 62 12 71 9 10 34 68 53 18 9 13 20 21 2 10 6 5 11 24 12 7 17 4 5 6 21 17 22 21 14 21 23 24 18 117 131 26 27 28 27 17 9 7 23 23 13 25 11 23 59 14 9 26 26 0 4 7 13 
11 13 70 62 9 70 9 8 31 64 49 20 6 15 23 19 3 8 7 7 12 22 14 4 15 1 8 8 23 15 20 19 11 19 20 21 15 114 128 22 24 25 25 15 9 4 20 20 11 23 9 21 57 11 8 24 27 3 0 4 11 
7 18 66 58 5 66 14 13 28 66 51 18 3 11 22 15 9 13 13 7 18 18 20 1 11 6 12 10 19 19 16 15 9 15 16 18 13 115 129 20 22 21 21 11 15 7 16 17 15 19 5 17 53 8 12 21 24 8 6 0 7 
0 23 59 51 5 59 18 17 25 72 56 13 5 6 17 8 14 17 18 9 23 11 23 9 4 10 14 11 14 24 9 8 16 8 13 11 16 113 127 17 19 17 14 4 20 13 13 16 20 12 4 10 46 12 17 14 17 13 11 9 0 