TRIPS: 6
VEHICLES: 12
NRSTATIONS: 50
NRCOMPARTMENTS: 3
CAPACITY: 8000
NRPRODUCTS: 2
VEHICLE SECTION <compartment number> <capacity> <vehicle_id>
2 12 0
2 12 1
2 12 2
2 12 3
2 12 4
2 12 5
2 12 6
2 12 7
2 12 8
2 12 9
2 12 10
2 12 11
DEMANDS SECTION <customer_id> <demand_p1> <demand_p2> ... <demand_NRPRODUCTS>
0 0 0
1 22000 12000
2 0 12000
3 10000 18000
4 24000 12000
5 36000 11000
6 12000 10000
7 24000 0
8 24000 12000
9 9000 33000
10 36000 11000
11 0 12000
12 12000 24000
13 12000 12000
14 24000 0
15 34000 0
16 12000 10000
17 11000 12000
18 36000 34000
19 33000 17000
20 12000 9000
21 20000 12000
22 43000 22000
23 0 10000
24 12000 12000
25 24000 0
26 12000 0
27 12000 12000
28 24000 12000
29 0 12000
30 12000 0
31 0 12000
32 0 11000
33 12000 12000
34 0 11000
35 10000 12000
36 12000 0
37 12000 0
38 24000 0
39 24000 10000
40 12000 12000
41 24000 18000
42 24000 12000
43 12000 12000
44 24000 12000
45 12000 12000
46 12000 0
47 0 9000
48 11000 0
49 0 10000
50 10000 12000
51 0 0
DISTANCE SECTION (full distance matrix 0=depot 1 2 ... NRSTATION)
0 24 19 16 19 22 15 11 7 24 16 5 23 6 14 21 28 12 27 27 11 24 26 4 35 6 23 13 8 26 24 35 8 8 29 13 25 19 7 13 16 25 28 10 19 25 19 19 7 19 23 0 
25 0 14 11 8 21 13 14 29 7 25 21 13 28 16 10 36 13 5 4 15 8 5 26 18 23 3 12 17 5 32 41 30 19 18 11 30 41 21 21 9 10 5 17 11 4 11 39 18 6 8 25 
19 13 0 6 9 28 18 14 22 14 30 15 5 19 21 17 42 11 17 17 10 17 16 19 30 14 12 7 12 16 37 49 21 13 10 11 38 35 13 11 7 17 17 10 17 15 18 28 13 11 15 19 
17 10 5 0 5 25 15 10 21 11 26 13 10 19 18 15 39 8 13 13 7 14 13 18 27 14 9 4 10 13 34 45 22 11 15 7 34 33 13 12 3 15 14 9 14 11 14 30 10 7 12 17 
18 7 7 4 0 26 17 12 22 8 28 14 9 22 19 15 40 9 12 11 9 14 11 19 25 16 6 6 11 11 36 46 23 12 14 9 36 35 15 14 3 15 11 11 15 10 15 32 12 6 13 18 
19 22 29 24 26 0 10 16 22 27 12 17 33 22 7 11 21 20 18 18 21 14 18 20 22 19 23 22 19 18 17 27 23 20 38 19 14 35 19 26 24 17 24 21 12 18 12 35 19 20 15 19 
15 15 20 15 18 10 0 7 19 19 12 11 25 18 3 7 24 11 13 13 12 10 12 16 21 13 16 12 10 12 19 30 20 11 30 9 20 31 12 17 16 11 16 12 5 12 5 31 9 12 8 15 
11 14 14 10 13 16 7 0 15 15 18 7 19 14 9 13 30 4 17 17 5 14 16 12 27 9 13 7 4 16 25 36 16 6 24 3 26 27 8 11 11 15 18 5 10 15 11 27 4 9 13 11 
7 28 23 21 24 25 20 15 0 29 17 9 27 6 19 26 29 16 31 31 16 28 31 4 40 9 27 18 12 31 25 36 7 13 32 18 25 13 10 15 21 30 32 13 23 29 24 19 12 23 27 7 
25 6 15 11 8 27 19 16 29 0 30 21 11 29 21 15 42 13 10 10 15 14 11 26 19 23 4 12 18 11 38 46 30 19 12 13 36 42 22 21 9 15 4 18 16 10 16 39 18 7 13 25 
16 26 32 26 29 15 12 18 17 31 0 18 36 22 9 18 12 22 24 24 23 21 23 18 31 20 27 24 20 23 8 19 23 21 41 21 9 25 20 27 27 22 28 22 16 23 16 35 20 23 19 16 
4 20 16 13 16 20 11 7 8 21 18 0 20 8 11 18 30 8 23 23 8 20 23 5 32 2 19 10 4 23 26 37 9 5 25 10 26 21 4 10 13 22 24 6 15 21 16 21 4 15 19 4 
22 12 4 10 7 32 22 17 26 11 33 18 0 22 25 21 45 14 16 16 14 20 17 23 29 18 11 11 15 17 41 52 24 17 8 14 41 38 16 14 8 21 15 14 21 16 21 31 16 12 18 22 
7 27 19 19 23 26 19 14 6 28 22 9 23 0 18 25 34 15 30 30 14 28 30 5 39 8 26 17 11 30 29 40 3 11 28 17 30 18 8 9 20 29 32 12 23 29 23 13 11 22 26 7 
15 17 23 18 20 10 3 9 18 22 9 11 27 18 0 9 21 13 15 15 14 12 15 16 24 13 18 15 12 15 17 28 19 13 32 12 17 31 12 19 18 13 19 14 7 14 8 31 11 14 11 15 
21 12 19 13 16 11 6 12 25 17 18 17 23 24 9 0 27 11 9 9 13 5 8 22 17 19 13 13 15 8 23 33 26 16 28 10 21 37 18 21 14 7 14 16 2 8 2 37 15 10 4 21 
29 38 44 39 41 18 24 30 28 43 12 31 48 34 21 27 0 34 32 32 35 29 33 30 34 32 39 36 33 33 5 7 35 33 53 33 7 33 32 39 39 32 39 35 28 34 27 47 32 35 30 29 
13 12 13 8 11 20 10 4 17 13 22 9 17 16 13 11 34 0 15 15 3 13 15 14 27 10 11 4 6 15 29 40 18 7 22 2 30 29 9 10 8 14 16 5 9 13 10 28 6 7 11 13 
28 8 17 14 12 18 14 17 31 11 25 24 19 31 17 9 33 16 0 1 18 5 2 29 14 26 9 15 21 2 29 37 32 22 22 14 27 44 25 24 13 8 7 21 10 3 9 42 21 9 7 28 
27 7 17 13 12 17 13 17 31 11 25 23 18 30 16 8 32 15 1 0 17 4 2 28 14 25 8 14 20 2 29 37 32 21 22 14 26 43 24 23 12 7 7 20 9 3 9 41 20 9 6 27 
10 15 11 8 11 21 12 5 14 16 22 6 15 13 14 14 34 3 18 18 0 16 18 11 30 8 14 5 3 18 30 41 15 4 20 5 30 26 6 8 8 17 19 3 12 16 13 26 4 10 14 10 
24 10 17 12 14 14 10 15 28 15 21 20 21 27 12 5 29 14 4 4 16 0 5 25 15 22 11 13 18 5 25 35 29 20 26 12 23 40 22 22 13 3 11 18 6 5 5 40 18 9 3 24 
25 6 15 12 10 18 12 15 29 11 23 21 17 29 15 7 33 14 3 3 16 6 0 26 16 24 7 13 18 1 30 38 30 20 22 12 27 42 23 22 11 7 7 19 8 1 8 40 19 7 5 25 
3 25 20 17 20 23 16 12 3 25 18 6 25 5 15 22 30 13 28 28 12 25 27 0 37 7 24 14 9 27 25 37 6 9 30 14 26 16 8 13 18 26 29 11 20 26 20 18 8 20 24 3 
36 20 30 27 25 22 22 28 40 20 32 32 28 39 24 17 35 27 14 14 29 16 15 37 0 34 20 28 30 15 32 38 41 32 31 26 28 52 34 37 26 19 16 32 19 16 18 52 30 22 18 36 
6 21 14 13 16 21 13 8 9 22 20 2 18 8 12 19 32 9 24 24 7 22 23 6 33 0 20 10 5 23 27 39 10 5 23 10 28 22 1 8 14 22 25 5 17 22 17 20 5 16 20 6 
22 4 11 8 5 25 17 13 26 4 28 18 10 25 19 14 40 10 9 8 12 12 9 23 21 20 0 9 15 9 36 45 27 16 15 10 34 38 19 18 6 14 8 15 14 8 14 36 15 5 11 22 
15 11 9 4 6 21 12 7 19 12 23 11 13 19 15 13 35 4 14 14 6 12 14 16 27 13 10 0 8 14 31 42 20 9 18 4 31 32 11 11 4 13 15 8 10 12 11 29 9 6 11 15 
9 16 12 9 12 19 10 4 13 17 21 5 16 12 12 15 33 4 19 19 4 17 19 10 30 7 15 6 0 19 28 39 14 3 22 6 29 25 6 9 9 18 20 3 13 17 14 25 2 11 15 9 
25 6 15 12 10 18 12 15 29 11 23 21 17 29 15 7 33 14 3 3 16 6 1 26 16 24 7 13 18 0 30 38 30 20 22 12 27 42 23 22 11 7 7 19 8 1 8 40 19 7 5 25 
24 34 39 34 37 14 19 25 24 38 8 26 44 29 17 23 5 30 29 29 31 25 29 25 31 27 35 31 28 29 0 11 30 29 49 28 4 30 28 35 35 28 35 30 24 30 24 42 27 31 26 24 
36 44 51 46 48 25 31 37 35 48 19 38 55 41 28 34 7 41 38 37 42 35 38 37 40 39 45 43 40 38 12 0 42 40 59 40 14 38 39 46 46 38 44 42 35 39 34 54 39 42 37 36 
20 38 28 30 33 38 32 27 19 39 35 21 30 13 31 38 47 28 41 41 26 39 41 18 52 21 37 27 24 41 42 53 0 24 33 29 43 30 21 18 30 40 42 24 35 39 36 13 24 33 38 20 
6 19 14 12 15 20 12 7 10 20 19 2 19 9 11 18 31 7 22 22 7 20 22 7 32 4 18 9 3 22 27 38 11 0 24 9 27 22 3 9 12 21 23 5 15 20 16 22 3 14 18 6 
28 17 9 14 13 37 27 23 31 11 39 24 5 27 30 26 51 20 21 20 19 24 21 28 29 23 15 16 21 21 46 57 30 22 0 20 46 43 21 18 13 26 14 19 26 21 26 34 21 17 23 28 
14 11 12 7 10 18 9 3 18 12 20 10 17 17 11 10 32 2 14 14 4 11 13 15 26 11 10 4 6 13 28 39 19 8 22 0 28 30 10 11 8 12 15 6 7 12 8 29 7 6 10 14 
25 31 38 33 36 12 19 26 25 36 9 26 42 30 17 21 7 30 26 26 31 23 27 26 28 28 33 31 28 27 4 13 31 29 48 29 0 33 28 35 34 26 33 30 22 27 21 43 28 30 24 25 
17 39 34 31 34 36 30 25 11 39 26 20 38 17 29 36 33 27 42 42 26 39 41 14 50 20 38 28 23 41 30 39 18 23 43 28 33 0 21 26 31 40 43 24 34 40 34 30 22 34 38 17 
8 21 13 13 16 22 14 9 11 22 21 4 17 8 13 20 33 9 24 24 7 22 23 8 34 3 20 10 5 23 29 40 11 5 22 10 29 23 0 7 13 22 25 5 17 22 18 21 5 16 20 8 
13 20 11 11 15 26 17 11 15 21 27 10 15 9 19 21 39 10 23 23 8 21 23 13 36 9 19 9 8 23 35 46 12 9 20 11 35 27 7 0 12 22 24 7 18 21 19 19 8 15 20 13 
18 8 8 3 3 25 16 11 22 9 27 14 10 21 18 13 39 8 11 11 8 13 11 19 25 15 7 5 10 11 35 46 22 12 15 8 34 34 14 13 0 13 12 10 13 9 14 31 11 5 11 18 
29 14 22 17 18 18 15 20 33 17 26 25 24 32 17 9 32 18 6 7 20 5 8 30 14 27 14 17 23 8 28 37 34 24 28 17 26 45 26 27 17 0 13 23 11 9 10 45 23 13 8 29 
29 7 18 15 11 23 17 18 33 6 28 25 15 32 19 12 38 17 7 6 19 10 7 30 15 26 7 16 21 7 35 43 34 23 17 15 32 45 25 25 13 12 0 22 13 6 13 43 22 10 10 29 
10 16 10 8 11 21 12 5 13 17 22 6 14 13 14 15 34 4 19 19 2 17 19 10 31 6 15 5 3 19 30 41 14 4 19 6 30 26 5 7 9 18 20 0 13 17 13 25 4 11 15 10 
19 11 17 12 15 12 5 10 23 16 16 15 22 22 7 3 28 9 9 8 11 5 8 20 19 17 12 10 13 8 23 35 24 14 27 7 22 35 16 18 13 6 13 14 0 8 1 35 13 9 4 19 
25 6 16 12 10 17 11 15 29 11 22 21 17 29 14 6 32 14 2 2 16 5 2 26 15 23 7 13 18 2 29 37 30 20 22 12 26 42 22 22 11 6 7 19 7 0 7 40 19 7 4 25 
19 11 18 13 15 12 5 11 23 16 16 15 22 23 8 2 27 10 8 8 12 5 8 21 18 18 13 11 14 8 24 34 24 15 27 8 21 36 17 19 13 6 13 14 1 7 0 36 13 9 4 19 
8 29 21 21 25 26 20 16 7 30 22 10 25 3 19 26 34 17 32 32 16 29 32 5 41 10 28 19 13 32 30 41 4 13 31 19 31 19 11 11 22 30 33 14 24 30 25 0 12 24 28 8 
8 17 13 10 13 18 9 4 12 18 20 4 17 12 12 15 32 5 20 20 5 18 20 9 30 6 16 7 1 20 28 39 13 2 23 7 28 25 5 8 10 19 21 3 13 18 14 25 0 12 16 8 
20 5 11 6 6 21 12 9 24 8 23 16 13 23 15 10 36 8 9 8 10 9 8 21 22 17 4 7 12 8 31 42 25 14 18 6 30 36 16 16 5 10 9 13 10 7 10 34 13 0 7 20 
24 10 16 11 14 15 10 14 28 15 21 20 21 27 12 5 31 13 6 5 15 2 5 25 17 22 11 12 17 5 27 35 29 19 26 11 24 40 21 21 12 3 11 17 5 5 5 39 18 8 0 24 
0 24 19 16 19 22 15 11 7 24 16 5 23 6 14 21 28 12 27 27 11 24 26 4 35 6 23 13 8 26 24 35 8 8 29 13 25 19 7 13 16 25 28 10 19 25 19 19 7 19 23 0 