TRIPS: 6
VEHICLES: 15
NRSTATIONS: 62
NRCOMPARTMENTS: 3
CAPACITY: 8000
NRPRODUCTS: 2
VEHICLE SECTION <compartment number> <capacity> <vehicle_id>
2 9 0
2 12 1
2 12 2
2 12 3
2 12 4
2 12 5
2 12 6
1 8 7
2 10 8
2 12 9
2 12 10
2 12 11
2 12 12
3 8 13
2 12 14
DEMANDS SECTION <customer_id> <demand_p1> <demand_p2> ... <demand_NRPRODUCTS>
0 0 0
1 10000 7000
2 9000 6000
3 11000 7000
4 24000 0
5 24000 10000
6 24000 12000
7 12000 22000
8 0 12000
9 12000 0
10 24000 12000
11 10000 0
12 10000 12000
13 24000 12000
14 19000 25000
15 12000 0
16 12000 0
17 12000 0
18 12000 0
19 12000 0
20 12000 11000
21 10000 12000
22 20000 10000
23 12000 24000
24 12000 0
25 20000 10000
26 36000 16000
27 32000 12000
28 11000 12000
29 0 20000
30 12000 12000
31 0 22000
32 12000 0
33 12000 0
34 17000 41000
35 10000 0
36 8000 9000
37 3000 2000
38 0 6000
39 10000 8000
40 10000 9000
41 10000 10000
42 12000 10000
43 12000 8000
44 12000 12000
45 24000 0
46 0 12000
47 24000 12000
48 33000 7000
49 32000 46000
50 12000 10000
51 24000 8000
52 12000 0
53 12000 10000
54 12000 0
55 12000 12000
56 12000 8000
57 20000 0
58 10000 12000
59 12000 0
60 12000 12000
61 12000 0
62 24000 0
63 0 0
DISTANCE SECTION (full distance matrix 0=depot 1 2 ... NRSTATION)
0 25 72 56 6 4 9 17 23 5 11 9 17 9 18 13 11 17 17 14 18 5 11 19 12 14 13 11 23 23 8 17 11 11 20 13 113 127 24 25 26 12 14 16 14 9 4 16 21 20 17 14 21 4 17 10 16 13 23 8 12 51 17 0 
21 0 53 37 25 21 27 22 30 19 20 19 21 19 24 32 26 36 37 27 26 17 26 16 32 33 31 31 14 40 21 34 30 26 26 15 98 112 22 22 27 26 34 12 30 30 25 9 42 23 13 34 43 18 22 30 11 16 32 20 11 71 22 21 
57 41 0 6 60 56 60 47 53 52 48 50 45 50 48 68 58 71 70 56 50 52 57 48 65 69 63 66 44 72 54 68 62 58 50 48 87 103 42 42 46 59 67 46 62 62 60 44 74 44 46 67 75 54 55 63 42 45 57 53 46 104 47 57 
55 39 17 0 58 54 60 48 54 52 49 51 46 51 49 66 56 69 68 56 51 50 57 46 63 67 61 64 42 72 52 68 60 56 51 46 81 99 44 43 47 57 65 44 60 60 58 42 72 45 44 65 73 52 53 61 42 46 58 51 45 102 48 55 
8 32 77 61 0 11 5 23 22 10 16 14 23 14 23 9 17 12 14 13 20 11 11 26 15 9 16 7 30 19 14 13 14 17 22 20 120 134 29 30 31 17 17 23 17 13 9 21 19 25 24 15 19 9 24 14 22 18 22 15 18 54 23 8 
6 21 70 54 10 0 13 22 28 10 16 13 22 13 23 18 8 21 18 19 22 10 16 15 13 17 12 16 19 28 4 22 10 8 25 9 109 123 28 29 30 9 15 12 11 10 5 14 22 25 13 15 23 9 13 11 16 18 27 4 12 52 22 6 
9 34 77 61 5 13 0 19 18 8 14 12 21 12 19 8 21 12 16 8 17 12 6 28 18 12 20 9 32 16 17 11 17 21 18 22 122 136 27 28 28 21 20 25 21 16 12 21 22 23 26 18 21 11 26 17 20 16 18 17 16 57 20 9 
18 36 64 48 20 22 19 0 8 13 8 11 4 11 2 25 29 28 33 12 4 16 14 30 30 28 31 26 32 28 25 25 28 29 5 26 117 131 10 11 12 29 31 25 32 27 22 20 38 6 28 32 38 16 32 28 16 10 13 26 18 68 2 18 
24 44 70 55 23 28 19 9 0 19 13 17 11 17 7 26 35 28 35 13 7 22 14 37 35 30 37 28 40 29 31 25 34 35 6 33 125 139 14 16 14 35 37 33 38 33 28 28 40 11 35 35 40 22 38 34 24 17 7 32 24 73 10 24 
7 29 68 53 11 11 10 12 18 0 6 4 12 4 13 17 18 21 23 12 13 6 9 23 19 19 20 16 27 23 14 18 17 18 15 17 116 130 19 20 21 18 20 18 21 16 11 14 28 15 21 20 28 4 22 16 12 8 20 15 9 57 12 7 
11 31 64 49 15 15 14 8 12 6 0 4 8 4 9 20 22 23 27 8 7 9 8 24 23 23 24 21 28 24 18 20 21 22 9 20 114 128 14 15 16 23 24 20 25 20 15 15 32 11 22 25 32 9 25 21 11 4 14 19 11 62 8 11 
7 28 66 51 11 11 11 12 18 3 6 0 13 1 14 18 18 22 24 12 13 5 10 22 19 19 20 17 26 24 15 18 18 18 15 16 115 129 19 20 21 19 21 17 21 16 11 13 28 15 20 21 29 5 21 17 9 7 20 15 8 58 13 7 
16 32 61 46 20 21 20 4 12 12 7 10 0 10 6 27 28 29 33 13 8 15 15 26 28 29 30 26 29 30 24 26 27 28 9 25 114 128 8 9 11 28 30 21 31 25 20 17 37 5 24 30 38 14 30 26 13 8 15 25 16 67 4 16 
7 28 66 51 11 11 11 12 18 3 6 1 13 0 14 18 18 22 24 12 13 5 10 22 19 19 20 17 26 24 15 18 18 18 15 16 115 129 19 20 21 19 21 17 21 16 11 13 28 15 20 21 29 5 21 17 9 7 20 15 8 58 13 7 
20 38 64 49 22 24 19 3 6 15 10 13 6 13 0 25 31 28 34 12 4 18 13 31 31 30 33 27 34 28 27 25 30 31 3 28 119 133 9 10 10 31 33 27 34 29 24 22 40 6 30 33 39 17 33 29 18 12 12 28 20 70 4 20 
13 39 83 67 8 18 7 24 22 14 19 18 26 18 24 0 22 5 12 12 21 16 11 33 20 8 21 5 37 11 21 6 19 22 23 26 126 140 32 33 33 23 20 30 23 18 16 27 18 28 31 19 17 15 29 19 26 22 22 22 22 54 25 13 
11 17 66 50 15 6 18 27 33 15 21 16 27 16 28 23 0 26 20 24 28 13 21 12 16 19 14 20 16 33 4 27 13 1 30 6 106 120 31 32 36 9 17 8 13 13 10 12 25 30 10 17 25 14 10 13 17 20 33 2 14 54 27 11 
17 42 86 70 11 21 11 28 26 19 23 23 29 23 27 5 25 0 12 16 25 20 16 35 22 8 24 7 39 11 23 8 21 25 26 29 128 142 36 37 36 25 22 33 25 20 19 30 17 32 34 21 17 18 31 21 30 26 26 24 27 55 29 17 
17 35 85 68 13 17 16 33 33 21 27 25 34 25 33 12 19 12 0 23 31 21 21 27 12 5 15 7 31 21 17 16 13 19 33 23 120 134 40 41 42 16 12 27 16 11 14 31 6 36 28 12 5 20 23 12 32 29 33 18 28 44 34 17 
15 37 71 56 12 19 8 12 10 10 8 10 14 10 12 14 26 16 23 0 9 14 3 31 25 19 27 17 35 17 22 13 25 26 11 25 121 135 20 21 21 26 27 26 28 23 18 22 29 17 29 26 29 12 30 24 18 11 10 23 17 63 13 15 
18 37 67 51 18 22 17 6 6 13 7 11 8 11 4 23 29 26 31 10 0 16 12 31 29 27 31 24 35 26 25 23 28 29 3 26 120 133 13 14 14 29 31 26 32 26 21 22 37 9 29 30 36 15 31 27 17 11 11 26 18 68 6 18 
4 25 67 51 8 9 11 16 21 4 10 5 16 5 17 16 16 19 21 14 16 0 11 18 16 17 18 14 22 25 12 20 15 16 19 12 112 126 22 23 24 16 18 14 19 13 8 11 25 19 17 18 26 2 18 14 12 10 22 12 8 55 16 4 
13 35 72 57 11 17 7 13 12 8 8 11 15 11 13 14 24 17 22 3 11 12 0 29 23 18 25 15 33 18 20 13 23 24 12 23 122 136 21 22 22 24 25 24 26 21 17 20 28 18 27 24 27 10 28 22 18 11 12 21 15 61 14 13 
20 16 62 46 25 16 28 28 35 21 24 22 27 22 30 32 18 36 27 31 31 19 28 0 19 28 16 28 4 42 13 36 17 18 32 7 94 108 28 29 34 12 20 5 15 17 20 10 28 29 5 20 28 20 7 18 14 21 38 11 15 57 28 20 
12 30 79 63 15 12 17 28 33 16 22 20 28 20 29 19 13 22 12 25 29 16 22 19 0 14 5 15 23 28 12 22 3 13 31 18 111 125 34 36 37 7 4 21 6 3 9 25 12 31 22 4 12 15 13 3 27 24 34 13 23 41 28 12 
14 35 84 68 9 15 12 29 29 17 23 21 30 21 29 7 19 8 4 19 27 17 17 28 15 0 17 3 32 17 16 12 14 19 29 22 121 135 36 37 38 18 15 26 18 13 14 28 10 32 27 15 10 16 24 14 28 25 29 18 24 48 30 14 
14 29 77 61 16 11 19 30 36 18 24 22 31 22 32 22 12 24 15 27 31 19 24 15 4 17 0 17 19 31 10 25 3 12 33 16 108 122 37 38 39 5 5 19 2 5 11 24 13 33 19 5 13 17 9 4 27 26 36 12 23 41 31 14 
11 35 81 65 6 14 9 26 26 14 20 18 27 18 26 5 18 8 8 16 24 14 14 29 16 4 17 0 33 15 17 9 15 18 26 23 122 136 33 34 35 19 16 26 19 14 12 25 13 29 27 15 13 13 25 15 25 22 26 18 22 50 27 11 
24 11 58 42 29 20 32 31 39 26 28 26 30 26 33 36 22 39 31 35 35 23 32 4 23 32 20 33 0 46 17 41 21 22 36 11 90 104 32 33 37 17 24 10 19 21 24 14 32 32 8 24 32 24 11 22 18 25 41 16 19 61 32 24 
17 42 84 68 12 21 10 25 23 16 20 19 26 19 24 5 25 7 16 13 22 19 12 36 23 11 25 9 40 0 23 5 22 25 23 30 129 143 32 34 33 26 24 32 26 21 20 28 21 29 34 23 21 18 32 22 27 23 23 25 23 58 26 17 
8 19 68 52 13 4 16 24 30 12 18 15 25 15 26 20 5 23 17 21 25 12 18 13 12 16 10 16 17 30 0 24 9 5 27 7 107 121 31 32 33 6 14 10 10 9 7 14 21 27 11 14 22 11 11 10 18 19 30 2 13 51 25 8 
23 48 88 73 18 27 16 29 27 22 24 25 30 25 28 11 31 10 20 17 26 25 18 42 29 16 31 15 46 6 29 0 28 31 27 36 135 149 37 38 37 32 30 38 32 27 26 34 26 33 40 29 26 24 38 28 33 27 27 31 29 64 30 23 
11 28 77 61 14 10 17 28 33 15 22 19 28 19 29 19 11 21 13 25 28 16 22 17 4 14 3 15 21 28 9 23 0 11 30 15 110 124 34 35 36 5 5 19 4 2 9 23 13 31 20 6 13 14 11 1 26 24 33 10 22 42 28 11 
11 17 66 50 15 6 18 27 33 15 21 16 27 16 28 23 1 26 20 24 28 13 21 12 16 19 14 20 16 33 4 27 13 0 30 6 106 120 31 32 36 9 17 8 13 13 10 12 25 30 10 17 25 14 10 13 17 20 33 2 14 54 27 11 
20 39 66 50 21 24 17 5 4 15 9 13 7 13 3 24 31 26 33 11 2 18 12 33 31 28 33 26 36 27 27 23 30 31 0 28 121 134 10 12 11 31 33 28 34 29 23 24 38 7 31 32 38 17 33 29 19 13 11 28 20 70 6 20 
14 14 62 46 18 9 21 26 32 15 20 16 26 16 27 26 12 29 23 25 27 12 22 6 18 22 16 23 10 36 7 30 15 12 29 0 100 114 27 28 32 12 20 4 16 15 13 8 28 27 5 20 28 14 9 16 13 19 33 5 13 57 26 14 
103 85 84 75 107 98 110 107 114 104 105 104 106 104 109 115 100 118 110 112 110 101 110 83 101 111 98 111 79 125 96 119 99 100 111 89 0 24 105 104 109 95 102 88 97 100 102 92 110 107 87 102 110 103 89 101 95 101 116 94 96 139 107 103 
111 93 82 80 115 106 118 115 122 111 112 112 113 112 116 123 108 126 118 120 118 109 118 91 109 119 106 119 87 133 104 127 107 108 119 97 41 0 113 112 117 103 110 96 105 108 110 100 118 115 95 110 118 111 97 108 103 109 124 102 104 147 115 111 
23 34 58 43 27 28 27 9 13 19 14 17 7 17 10 34 35 36 40 21 12 22 22 28 35 36 37 33 32 37 31 33 34 35 10 27 115 129 0 1 6 35 37 23 38 32 27 19 44 4 26 37 45 21 34 33 15 14 20 32 19 74 9 23 
24 35 58 43 28 28 28 9 14 20 15 17 8 17 11 34 35 37 41 21 13 22 23 28 36 36 37 34 32 37 32 34 35 35 11 27 115 128 1 0 6 36 38 24 38 33 28 19 45 5 27 38 46 22 34 34 15 15 21 32 19 75 10 24 
25 39 61 46 29 29 28 11 13 21 16 18 9 18 11 34 36 36 42 21 13 23 22 33 37 37 38 35 37 37 33 34 36 36 11 32 118 132 5 6 0 37 39 28 39 34 29 24 46 6 31 39 47 23 39 35 20 16 19 33 24 76 11 25 
12 25 74 58 17 8 20 28 34 16 22 20 29 20 30 22 8 25 16 25 29 17 23 13 8 17 5 18 17 32 6 26 5 8 31 12 106 120 35 36 37 0 9 15 5 6 10 20 17 31 16 9 17 15 8 6 24 24 34 8 19 46 29 12 
16 34 83 67 16 16 19 32 36 20 26 23 32 23 33 19 17 21 11 27 32 20 25 21 4 14 7 15 25 29 15 23 7 17 34 22 114 128 38 39 40 11 0 25 8 6 13 29 8 35 25 3 8 19 15 6 31 28 36 17 27 41 32 16 
17 12 61 45 21 13 24 23 30 16 19 17 22 17 25 29 15 32 27 26 26 13 23 6 22 26 20 27 10 38 11 32 19 15 27 4 99 113 23 24 28 15 23 0 19 19 17 4 31 23 4 23 31 15 11 19 9 16 33 9 9 60 23 17 
15 28 77 61 18 11 21 31 37 19 25 23 32 23 33 23 12 25 17 28 32 20 25 15 6 18 3 19 19 32 10 27 4 12 34 16 107 121 38 39 40 5 7 19 0 6 13 23 15 34 19 7 15 18 9 5 27 27 37 11 23 43 32 15 
10 28 77 61 13 10 15 26 32 14 20 17 26 17 27 18 11 20 11 23 27 14 20 17 4 13 5 13 21 27 10 21 2 11 29 16 110 124 32 33 34 6 5 19 6 0 7 23 12 29 20 6 13 13 13 2 25 22 31 11 21 42 26 10 
3 24 74 58 8 3 11 19 25 7 13 11 19 11 20 14 10 18 15 16 20 7 13 18 11 12 12 11 22 24 7 19 10 10 22 12 112 126 26 27 28 11 13 15 13 8 0 17 20 22 16 13 20 6 16 9 18 15 25 7 14 50 19 3 
15 16 59 42 18 14 20 19 26 13 15 13 17 13 20 26 19 29 31 22 22 10 19 10 26 27 24 24 14 34 15 28 23 19 23 8 103 117 19 19 24 19 27 5 23 23 19 0 35 19 8 27 35 12 15 23 4 12 28 13 5 64 19 15 
22 40 89 72 18 22 21 38 39 26 32 29 38 29 39 17 23 17 6 29 37 26 27 27 10 10 13 13 31 26 21 21 13 23 39 28 120 134 44 45 46 17 9 31 14 12 19 35 0 41 31 9 1 25 21 12 37 34 38 23 33 38 38 22 
20 35 61 45 23 24 23 5 11 15 11 13 3 13 6 30 31 32 36 17 8 18 18 28 31 32 33 29 32 33 27 29 30 31 8 27 118 130 5 6 8 31 33 23 34 29 24 19 41 0 26 33 41 17 34 29 15 11 17 28 19 70 5 20 
17 13 60 44 21 12 24 25 32 18 21 19 23 19 26 29 14 32 26 28 27 15 25 4 21 25 18 26 8 39 10 33 18 14 29 3 97 111 25 25 30 14 22 2 17 18 16 6 30 25 0 23 30 17 10 19 10 18 34 8 11 59 25 17 
13 31 80 64 15 13 18 29 34 17 23 21 29 21 30 20 14 22 12 26 30 17 23 19 2 15 4 15 23 29 13 23 4 14 32 19 111 125 36 37 38 8 3 22 6 4 10 26 11 32 23 0 11 16 12 4 28 25 35 14 24 40 29 13 
22 40 89 73 18 22 21 38 38 26 32 30 38 30 38 17 23 17 5 28 36 26 26 28 11 10 13 12 32 26 22 21 13 23 38 28 120 134 45 46 47 17 9 31 15 13 19 35 1 41 32 9 0 25 22 13 37 34 38 23 34 38 39 22 
3 27 71 55 7 7 10 18 24 6 12 9 18 9 19 14 14 17 19 15 18 6 12 21 15 15 16 12 25 24 10 18 13 14 21 15 114 128 24 25 26 14 16 17 17 12 7 15 24 21 19 16 24 0 19 12 17 14 24 11 13 53 18 3 
17 21 68 52 22 13 25 30 36 20 24 20 31 20 32 28 13 31 23 29 31 17 26 6 13 23 10 24 10 38 10 32 11 13 33 8 99 113 33 34 39 8 14 10 9 12 16 15 22 34 10 14 22 19 0 12 19 24 38 8 18 51 31 17 
11 29 78 62 14 11 17 27 33 15 21 19 28 19 29 19 12 22 12 24 28 16 21 18 3 14 4 15 22 28 10 22 1 12 30 16 111 125 34 35 36 6 4 20 5 2 9 24 12 30 21 4 12 14 12 0 26 23 33 11 23 41 28 11 
16 20 58 42 19 17 19 15 22 11 11 9 13 9 16 26 23 30 32 18 17 12 18 14 27 28 28 25 18 33 18 27 26 23 19 13 106 120 15 15 20 23 29 9 27 25 20 5 37 15 12 29 37 13 20 25 0 8 24 17 5 66 15 16 
13 27 61 46 17 17 16 9 16 8 4 6 8 6 11 24 24 27 29 12 11 10 12 21 25 25 26 22 25 28 19 24 23 24 13 20 110 124 14 15 16 24 26 16 27 22 17 12 34 11 19 27 34 11 25 23 8 0 18 19 9 63 10 13 
24 45 74 59 22 28 18 14 9 19 14 18 16 18 13 24 35 26 34 11 10 23 13 38 35 29 37 27 41 27 31 24 34 35 12 34 126 140 20 21 19 35 36 33 38 32 28 29 39 18 36 35 39 22 39 33 25 18 0 32 25 73 15 24 
9 17 67 50 14 5 17 25 31 13 19 15 25 15 26 21 7 25 18 22 26 12 19 11 14 17 12 18 15 31 2 25 11 7 28 5 105 119 31 32 34 7 15 8 11 11 9 13 23 28 9 15 23 12 9 11 17 19 31 0 13 52 26 9 
12 21 61 45 16 12 16 15 22 8 10 8 16 8 16 23 18 27 29 17 17 8 15 14 24 24 23 22 18 29 13 23 22 18 19 13 107 121 19 19 24 19 26 10 23 21 16 5 33 18 13 26 34 10 19 22 4 9 24 13 0 63 15 12 
51 69 118 102 51 52 54 67 69 55 61 59 68 59 68 53 52 54 42 61 66 56 58 56 40 46 41 48 60 62 51 58 42 52 68 58 149 163 74 75 76 46 38 60 43 42 49 64 36 70 60 39 37 54 50 42 66 63 70 53 63 0 68 51 
18 34 62 46 21 22 20 2 9 13 9 11 2 11 4 27 29 29 33 14 6 16 15 27 30 29 31 27 30 30 25 26 28 29 6 26 116 129 8 9 10 29 31 23 32 27 22 18 39 4 26 31 39 16 31 28 14 9 15 26 18 68 0 18 
0 25 72 56 6 4 9 17 23 5 11 9 17 9 18 13 11 17 17 14 18 5 11 19 12 14 13 11 23 23 8 17 11 11 20 13 113 127 24 25 26 12 14 16 14 9 4 16 21 20 17 14 21 4 17 10 16 13 23 8 12 51 17 0 