TRIPS: 6
VEHICLES: 15
NRSTATIONS: 51
NRCOMPARTMENTS: 3
CAPACITY: 8000
NRPRODUCTS: 2
VEHICLE SECTION <compartment number> <capacity> <vehicle_id>
2 12 0
2 12 1
2 12 2
2 12 3
2 12 4
2 12 5
2 12 6
2 12 7
2 12 8
2 12 9
2 9 10
2 12 11
2 12 12
1 12 13
2 12 14
DEMANDS SECTION <customer_id> <demand_p1> <demand_p2> ... <demand_NRPRODUCTS>
0 0 0
1 34000 30000
2 24000 12000
3 0 18000
4 12000 12000
5 12000 12000
6 36000 9000
7 24000 9000
8 12000 12000
9 23000 23000
10 12000 10000
11 24000 12000
12 36000 32000
13 34000 23000
14 11000 36000
15 24000 10000
16 35000 17000
17 24000 12000
18 12000 0
19 12000 0
20 22000 34000
21 12000 9000
22 12000 0
23 21000 0
24 12000 0
25 12000 11000
26 24000 12000
27 12000 0
28 11000 0
29 12000 0
30 10000 0
31 12000 0
32 12000 0
33 24000 20000
34 12000 12000
35 21000 19000
36 12000 12000
37 12000 12000
38 22000 0
39 12000 0
40 12000 0
41 24000 33000
42 12000 0
43 12000 0
44 9000 0
45 12000 12000
46 0 12000
47 12000 12000
48 12000 0
49 10000 10000
50 0 10000
51 0 9000
52 0 0
DISTANCE SECTION (full distance matrix 0=depot 1 2 ... NRSTATION)
0 27 9 16 35 7 19 29 23 28 28 6 26 25 24 22 24 19 18 24 27 28 45 37 11 8 17 7 19 35 23 25 18 19 14 20 15 36 13 16 11 10 6 15 48 7 12 21 19 26 16 8 0 
27 0 21 13 14 20 9 22 18 7 32 30 2 7 11 17 7 17 36 29 617 8 44 30 17 20 10 24 9 37 4 26 18 9 16 12 13 28 14 32 17 20 25 13 40 31 15 8 43 2 12 32 27 
9 21 0 18 29 10 16 31 26 22 23 12 20 19 23 14 20 22 16 19 21 22 41 30 8 10 14 10 13 30 18 19 10 13 7 22 9 38 15 14 8 12 9 9 40 12 12 15 24 20 18 13 9 
17 13 19 0 27 10 7 15 10 14 39 19 13 15 11 25 10 5 33 34 13 20 55 42 10 10 9 13 14 45 11 34 24 14 18 6 15 22 4 31 11 9 14 14 52 21 8 15 33 13 3 22 17 
36 14 30 27 0 30 22 31 28 16 35 39 15 19 20 22 20 30 46 32 14 10 42 26 28 30 24 34 18 38 17 28 23 19 24 24 22 37 28 40 28 32 34 22 36 40 27 17 52 15 26 41 36 
8 20 10 10 30 0 12 23 17 21 32 12 20 19 18 18 17 13 25 28 20 22 49 36 4 1 10 5 14 39 17 28 18 13 12 14 9 29 7 23 4 3 6 10 46 12 5 15 25 20 10 13 8 
20 8 18 6 22 13 0 18 13 9 36 23 8 10 8 21 5 11 33 31 9 15 50 37 9 12 5 16 10 42 6 30 21 10 15 7 12 25 7 31 9 13 17 11 47 24 8 10 36 8 5 25 20 
28 20 31 14 29 21 17 0 5 14 51 27 21 26 11 37 17 9 44 46 21 27 65 49 23 21 21 21 26 57 20 46 36 26 30 12 27 8 16 42 23 19 23 26 59 31 20 26 43 21 13 30 28 
22 16 26 10 29 16 12 8 0 15 45 22 17 21 11 31 12 4 39 41 16 24 60 45 17 15 15 16 21 52 15 41 31 21 25 7 22 15 11 37 17 14 18 21 56 26 14 21 38 17 8 24 22 
29 6 23 15 15 22 10 17 15 0 38 32 7 12 6 23 7 18 38 35 7 13 50 35 18 21 12 25 13 43 7 32 24 13 19 11 17 23 16 36 19 22 26 15 45 33 17 12 45 7 13 34 29 
29 32 24 39 34 32 35 53 48 39 0 34 33 32 43 18 38 44 23 5 32 29 18 13 30 33 32 32 27 7 33 7 22 28 21 42 24 60 36 15 30 35 32 25 22 28 34 27 33 33 39 35 29 
7 30 13 19 39 11 22 28 23 32 34 0 30 29 28 26 27 19 23 29 30 32 50 42 14 11 21 8 23 40 27 30 21 23 18 24 19 33 17 21 15 12 8 19 52 6 15 25 18 30 20 3 7 
25 3 20 12 16 19 7 22 17 7 33 29 0 7 11 18 6 15 35 30 3 10 45 32 15 18 9 23 8 38 2 27 19 8 15 11 12 28 13 31 15 19 24 12 42 29 14 7 42 55 11 30 25 
29 7 23 17 14 23 13 28 24 13 32 32 8 0 17 18 14 22 38 28 6 7 45 29 20 23 13 26 10 37 10 26 19 11 17 18 15 34 17 34 20 23 27 15 39 33 18 9 45 8 17 34 29 
25 10 24 11 19 18 7 12 11 4 42 29 11 15 0 27 6 15 39 38 10 17 54 38 16 18 11 22 16 46 10 36 27 16 21 7 19 19 12 37 16 18 23 17 49 29 13 15 42 11 9 30 25 
19 18 12 24 22 19 20 38 33 24 21 22 18 17 27 0 22 29 27 17 18 17 35 22 16 19 18 19 12 27 18 14 4 12 7 27 10 44 22 20 16 21 19 11 32 22 20 11 35 18 24 23 19 
25 4 20 11 18 18 6 18 13 5 36 28 5 10 7 22 0 14 35 32 5 12 48 34 14 17 8 21 11 41 4 30 22 11 16 7 13 24 12 33 14 17 23 12 44 29 13 10 41 5 9 30 25 
19 17 22 6 30 13 11 10 5 17 42 19 16 17 14 28 13 0 35 37 17 24 57 45 14 12 12 13 18 49 14 38 27 17 21 10 18 17 7 33 14 10 14 17 55 22 11 17 35 16 7 21 19 
18 37 16 33 45 23 32 45 40 38 23 23 36 35 39 29 36 36 0 21 37 38 36 36 24 24 30 23 29 30 33 24 25 29 23 37 25 52 30 10 24 26 22 25 45 18 28 31 10 36 33 24 18 
24 29 20 34 31 27 31 49 44 35 5 29 29 28 38 14 34 39 21 0 29 26 22 16 25 28 27 28 24 11 29 4 18 24 17 38 19 55 31 13 26 30 27 20 26 24 30 23 30 29 35 30 24 
28 1 22 14 14 21 9 22 19 7 33 31 2 8 11 18 8 17 37 29 0 8 45 30 17 21 11 25 9 37 4 27 18 10 17 12 14 28 15 33 18 21 26 14 40 31 16 9 44 2 13 32 28 
28 9 22 19 9 22 15 28 25 13 29 31 10 10 17 16 15 24 37 26 7 0 39 23 19 22 15 25 9 34 12 23 17 10 16 20 13 35 19 32 19 24 26 14 33 32 19 9 44 10 19 33 28 
45 44 42 53 43 48 50 66 61 51 18 50 44 45 55 33 50 58 35 23 44 39 0 20 46 49 48 50 41 12 46 24 36 42 39 55 40 72 52 29 46 51 49 41 15 45 50 41 43 44 54 51 45 
38 31 31 40 27 36 37 50 47 35 14 42 32 32 39 19 37 45 36 17 29 23 21 0 33 36 35 38 29 15 34 13 23 29 27 42 27 57 39 28 34 38 38 28 11 38 38 28 45 32 41 42 38 
11 17 9 10 27 4 9 24 19 18 30 14 16 15 15 16 14 14 24 25 17 19 46 33 0 4 7 8 11 36 13 26 15 10 9 14 7 31 7 22 370 5 9 7 44 15 4 13 27 16 11 16 11 
9 19 12 9 30 2 11 22 16 20 33 12 19 18 17 19 16 12 25 28 19 23 49 36 4 0 9 6 14 39 16 29 18 13 12 13 10 28 6 23 4 3 7 10 47 13 4 15 25 19 9 14 9 
17 10 15 8 23 10 4 22 17 11 32 21 10 9 12 18 7 13 30 27 10 15 48 35 7 10 0 14 7 38 7 27 17 6 11 11 8 29 7 27 7 10 15 7 45 21 5 9 34 10 8 22 17 
8 24 11 13 34 5 16 22 17 25 33 8 23 22 22 22 21 13 24 29 24 26 51 39 9 5 14 0 18 40 21 29 19 17 13 17 14 29 10 22 9 5 3 14 50 11 9 20 23 23 13 11 8 
19 8 14 13 18 13 9 27 22 13 27 23 8 6 16 12 11 18 29 24 8 10 41 28 11 14 7 17 0 34 7 21 12 882 8 16 5 34 11 24 11 14 18 6 39 23 10 2 36 8 13 24 19 
36 37 31 46 40 39 42 59 55 44 7 41 38 38 48 25 44 51 30 12 38 35 13 15 37 40 39 39 34 0 40 14 29 35 28 48 31 66 43 22 37 42 39 32 22 35 41 34 38 38 46 42 36 
24 4 18 10 17 17 6 21 17 7 33 27 3 6 10 18 5 15 33 29 4 10 46 32 13 17 7 20 7 38 0 27 18 7 14 10 11 28 11 30 14 17 21 10 43 28 12 6 40 3 10 29 24 
25 26 20 33 28 28 30 48 42 33 7 30 27 26 36 12 31 38 24 4 26 23 24 13 26 28 27 28 21 13 27 0 15 22 17 36 19 54 31 16 26 30 28 21 24 25 30 21 33 27 34 31 25 
20 18 12 24 23 19 21 39 33 24 19 23 18 17 27 4 22 29 27 16 18 17 33 20 16 19 18 20 12 26 18 13 0 13 8 27 10 44 22 21 16 21 20 11 31 23 21 12 35 18 24 24 20 
19 8 13 12 19 13 9 27 22 13 28 22 8 6 16 12 11 17 28 23 9 11 42 29 10 13 6 16 998 35 7 22 13 0 7 16 5 33 10 24 11 14 17 5 40 23 9 3 35 8 13 24 19 
15 15 8 18 24 11 14 32 27 19 21 18 15 13 22 10 17 23 23 17 15 16 39 27 9 12 11 12 8 28 14 17 7 7 0 21 3 39 15 17 9 14 13 4 37 18 13 9 31 15 18 19 15 
21 11 23 6 24 15 8 12 7 11 42 24 12 17 7 28 7 8 37 38 12 19 55 41 15 14 11 17 17 48 11 37 28 17 22 0 19 19 8 35 15 13 18 18 51 25 12 17 37 12 5 26 21 
15 13 9 15 21 9 12 30 24 16 24 18 12 11 19 10 14 20 24 19 13 14 40 27 7 9 8 12 5 30 11 20 9 5 3 19 0 36 12 19 7 12 13 1 38 19 11 7 31 12 16 20 15 
35 28 39 22 36 29 25 8 13 22 59 33 29 33 18 45 24 17 52 54 28 34 72 56 30 29 29 29 34 64 28 53 44 34 38 19 35 0 24 50 30 27 31 34 66 39 28 33 51 29 21 36 35 
15 14 16 4 27 9 6 18 13 15 35 19 14 13 12 21 11 9 31 31 14 19 52 39 7 8 7 11 11 42 11 31 21 10 15 8 12 25 0 29 7 8 13 11 49 19 4 13 32 14 4 20 15 
16 32 14 31 39 22 30 43 38 35 15 21 31 30 37 22 33 34 10 13 32 33 29 28 22 22 27 21 24 22 30 16 19 24 17 35 19 50 28 0 22 24 20 21 37 16 26 26 19 31 31 22 16 
11 17 9 10 27 4 9 24 19 18 30 14 16 15 16 16 14 14 24 26 17 20 46 33 370 4 7 8 11 37 14 26 15 11 9 14 7 31 7 22 0 5 9 7 44 15 5 13 27 16 11 16 11 
10 19 13 8 31 4 11 19 14 20 34 13 19 18 17 21 16 10 26 30 19 23 51 38 5 3 9 5 13 41 16 30 20 13 14 12 12 26 5 24 5 0 6 12 48 13 4 15 26 19 9 14 10 
6 24 10 13 33 5 16 23 18 25 32 8 23 22 22 21 21 14 22 27 24 26 49 38 8 5 14 1 17 39 21 28 18 17 12 17 13 30 10 20 9 5 0 13 49 9 9 19 22 23 14 10 6 
15 13 9 14 22 10 11 29 23 15 25 18 13 11 18 11 13 19 25 20 13 14 41 28 7 10 7 13 6 31 10 21 10 5 4 18 1 35 11 20 7 12 13 0 39 19 10 8 31 13 15 20 15 
48 41 41 51 36 46 47 60 57 45 22 52 42 42 49 30 47 56 45 26 39 33 15 11 44 46 45 49 39 21 44 24 33 40 37 52 37 67 49 37 44 48 49 39 0 48 48 38 54 42 51 53 48 
7 31 13 21 40 12 23 32 27 32 29 6 31 30 29 25 28 23 18 25 31 32 45 38 15 12 21 10 24 36 28 25 21 23 19 25 20 38 18 17 15 13 9 20 49 0 16 26 13 31 21 7 7 
13 15 13 8 27 6 7 22 17 16 34 16 15 14 13 20 12 13 28 29 15 19 50 37 4 6 5 9 10 40 12 30 19 9 13 12 10 29 4 26 4 5 10 9 48 17 0 11 29 15 8 18 13 
21 9 15 13 17 15 10 28 23 14 27 24 8 7 17 11 12 19 30 23 9 9 41 28 12 15 8 18 2 33 7 21 12 2 9 17 6 34 13 25 12 16 19 7 38 25 11 0 37 8 14 26 21 
17 42 23 31 50 22 34 43 38 43 33 17 41 40 39 36 39 34 12 30 42 43 46 45 25 23 32 21 34 39 39 33 31 34 29 35 30 49 28 18 26 24 20 30 54 11 27 36 0 41 31 18 17 
25 3 20 12 16 19 7 22 17 7 33 29 55 7 11 18 6 15 35 30 3 10 45 32 15 18 9 23 8 38 2 27 19 8 15 11 12 28 13 31 15 19 24 12 42 29 14 7 42 0 11 30 25 
18 11 20 3 25 11 5 15 10 12 39 21 11 13 9 25 8 8 34 35 11 18 53 40 11 10 8 14 14 46 9 34 25 13 18 4 16 22 5 32 12 10 15 15 50 22 8 13 34 11 0 22 18 
20 41 26 30 52 24 33 33 30 42 47 13 41 40 39 38 38 28 36 42 41 45 63 54 27 24 33 21 36 53 38 43 34 35 31 34 32 37 27 34 28 24 21 32 65 19 28 38 30 41 30 0 20 
0 27 9 16 35 7 19 29 23 28 28 6 26 25 24 22 24 19 18 24 27 28 45 37 11 8 17 7 19 35 23 25 18 19 14 20 15 36 13 16 11 10 6 15 48 7 12 21 19 26 16 8 0 