TRIPS: 6
VEHICLES: 19
NRSTATIONS: 54
NRCOMPARTMENTS: 3
CAPACITY: 8000
NRPRODUCTS: 2
VEHICLE SECTION <compartment number> <capacity> <vehicle_id>
2 12 0
2 12 1
2 12 2
2 12 3
1 15 4
2 10 5
1 15 6
2 12 7
2 12 8
2 12 9
2 12 10
1 6 11
2 12 12
2 12 13
2 12 14
1 5 15
1 15 16
2 10 17
2 12 18
DEMANDS SECTION <customer_id> <demand_p1> <demand_p2> ... <demand_NRPRODUCTS>
0 0 0
1 12000 10000
2 21000 17000
3 14000 0
4 12000 7000
5 12000 12000
6 12000 10000
7 12000 12000
8 0 24000
9 39000 0
10 10000 0
11 12000 7000
12 12000 0
13 22000 0
14 11000 0
15 11000 0
16 15000 0
17 24000 0
18 12000 0
19 24000 27000
20 16000 14000
21 14000 0
22 34000 29000
23 20000 18000
24 12000 12000
25 29000 19000
26 10000 9000
27 12000 8000
28 12000 12000
29 12000 8000
30 18000 17000
31 14000 0
32 21000 22000
33 15000 0
34 11000 10000
35 6000 3000
36 12000 10000
37 8000 7000
38 31000 0
39 12000 12000
40 15000 0
41 12000 0
42 12000 8000
43 12000 11000
44 29000 10000
45 25000 11000
46 11000 0
47 15000 0
48 12000 0
49 15000 0
50 15000 0
51 15000 0
52 7000 6000
53 24000 0
54 20000 32000
55 0 0
DISTANCE SECTION (full distance matrix 0=depot 1 2 ... NRSTATION)
0 31 21 21 13 28 9 17 12 24 21 26 26 78 16 8 11 3 7 16 16 17 22 22 13 7 11 10 18 38 19 8 21 13 63 73 9 21 23 18 15 26 31 20 23 22 73 21 24 9 17 20 20 24 23 0 
29 0 18 18 40 51 33 44 23 15 15 52 13 102 25 35 38 30 34 43 43 19 49 49 19 22 21 36 45 12 46 30 48 40 74 84 27 48 46 45 19 50 8 42 10 46 49 21 19 20 15 9 47 48 50 29 
19 19 0 1 30 39 20 33 16 6 4 42 9 89 9 25 28 20 24 33 33 16 39 39 6 12 12 25 35 22 36 21 36 30 74 84 17 38 33 35 7 37 23 29 15 33 57 22 26 11 4 11 38 35 40 19 
19 19 1 0 30 39 20 33 16 6 4 42 9 89 9 25 28 20 24 33 33 16 39 39 6 12 12 25 35 22 36 21 36 30 74 84 17 38 33 35 7 37 23 29 15 33 57 22 26 11 4 11 38 35 40 19 
12 41 31 31 0 24 14 8 22 34 31 17 36 75 26 5 2 9 5 5 7 27 12 12 23 17 21 7 8 48 9 15 12 4 60 69 17 12 17 7 25 23 41 24 33 18 83 28 32 19 27 30 9 21 13 12 
28 53 40 40 25 0 20 17 40 43 42 38 47 53 33 23 25 27 24 21 27 42 29 23 36 33 37 21 27 59 21 33 14 26 80 89 35 32 9 21 38 6 53 22 45 8 95 46 50 35 39 42 20 8 23 28 
9 34 22 22 15 21 0 13 20 25 23 29 28 71 15 11 14 10 11 16 18 22 24 23 18 13 17 8 19 41 19 17 17 16 72 81 16 24 15 17 19 19 34 13 26 15 76 29 33 15 20 24 20 17 24 9 
16 45 35 35 8 17 13 0 26 38 35 22 40 67 28 9 8 13 10 4 10 31 13 10 27 21 25 8 10 52 7 19 5 9 64 72 21 15 9 5 30 16 45 19 37 11 88 32 36 23 32 35 7 13 11 16 
13 25 18 18 23 40 20 27 0 21 18 31 22 90 19 18 21 13 17 26 26 9 31 32 10 8 4 20 28 34 29 10 31 23 58 68 6 29 35 28 13 38 26 31 18 34 69 9 13 6 15 15 30 36 33 13 
25 17 6 6 36 45 26 39 22 0 4 48 6 95 14 31 34 25 30 39 39 19 45 45 12 18 18 31 41 18 42 26 43 36 80 90 23 44 39 41 12 43 23 30 16 39 53 25 28 17 9 13 43 41 46 25 
21 17 4 4 32 43 24 37 18 3 0 44 5 93 12 28 30 22 27 36 36 16 41 42 9 15 15 29 38 17 39 23 41 33 76 86 20 41 37 37 8 41 21 31 14 37 53 23 26 14 5 12 40 39 43 21 
26 54 44 44 15 38 29 20 31 47 44 0 49 88 40 20 16 23 20 17 12 39 9 19 36 30 32 21 13 61 17 22 25 13 45 54 26 7 30 17 39 36 55 37 46 31 97 37 41 32 41 44 19 34 19 26 
25 14 8 8 36 46 28 41 22 4 4 48 0 97 15 31 34 26 30 39 39 18 45 45 12 18 18 32 41 14 42 27 44 36 80 90 23 44 41 41 12 45 20 33 15 41 50 24 27 17 9 12 44 43 47 25 
78 103 91 91 75 52 71 67 90 93 92 89 97 0 84 73 75 77 74 71 77 92 79 73 87 83 87 71 77 109 72 83 64 76 130 139 85 82 59 71 88 52 103 68 95 57 91 97 100 85 89 92 70 57 74 78 
16 26 10 10 27 34 15 28 19 12 12 40 17 84 0 23 25 18 22 29 31 19 36 36 9 13 15 21 32 29 33 19 31 28 74 84 18 36 28 31 10 32 29 21 21 28 64 25 29 13 11 18 33 30 37 16 
7 36 26 26 6 24 10 10 18 29 26 20 32 74 22 0 4 5 1 9 10 23 15 16 19 12 16 3 12 44 13 10 14 7 62 71 12 15 19 11 21 22 37 21 29 17 79 24 27 15 23 26 13 20 17 7 
11 40 30 30 3 25 14 8 22 33 31 16 36 76 26 5 0 9 5 7 6 27 12 12 23 16 20 7 8 48 9 14 13 3 59 68 16 11 18 8 25 24 41 24 33 19 83 28 31 19 27 30 11 21 14 11 
3 31 22 22 10 27 10 15 13 25 22 24 27 77 18 6 8 0 5 14 13 18 19 20 14 8 12 8 16 39 17 7 18 11 63 73 9 19 21 15 16 25 32 20 24 21 74 20 24 10 18 21 18 23 21 3 
7 36 26 26 7 25 11 11 18 29 26 20 31 75 22 2 5 5 0 10 10 22 16 16 18 12 16 4 12 43 13 10 15 7 63 72 12 15 20 12 21 23 36 22 28 18 79 23 27 14 23 26 14 20 17 7 
16 45 35 35 6 21 15 4 26 38 35 20 40 72 29 9 7 13 10 0 8 31 11 9 27 21 25 8 8 52 5 19 9 7 62 70 21 13 14 3 30 20 45 21 37 15 88 32 36 23 32 34 6 17 10 16 
16 45 35 35 5 27 18 10 27 38 35 13 40 78 31 10 6 14 10 7 0 32 6 10 28 21 25 11 3 53 7 19 15 3 55 64 21 6 20 7 30 26 46 27 37 21 88 32 36 24 32 35 9 24 10 16 
14 20 15 15 25 39 19 29 6 18 15 36 18 89 16 20 23 15 19 28 28 0 34 34 8 7 5 22 30 29 31 14 33 25 62 72 11 33 33 30 9 37 21 29 13 33 64 10 14 5 11 10 33 35 35 14 
21 50 41 41 10 29 23 13 31 43 41 10 46 80 36 15 12 19 15 9 6 37 0 11 33 26 31 16 5 58 9 21 17 9 51 60 25 3 22 9 35 28 51 29 43 23 93 36 40 29 37 40 10 26 11 21 
23 52 42 42 12 23 24 12 34 45 42 20 47 74 37 17 14 21 17 9 9 39 10 0 35 28 32 16 8 60 5 26 12 11 61 70 28 13 16 8 37 22 53 29 45 19 95 40 43 31 39 42 5 20 2 23 
13 21 8 8 24 35 16 29 11 11 8 37 13 85 9 20 23 14 19 28 28 11 33 34 0 7 7 21 30 25 31 15 32 25 69 79 12 33 29 30 3 33 21 25 13 29 61 17 21 6 5 10 32 31 35 13 
7 24 15 15 18 33 14 22 8 18 15 30 20 84 13 13 16 8 12 21 21 10 27 27 7 0 5 15 23 32 24 8 26 18 64 74 5 26 28 23 9 32 25 25 17 28 67 17 21 3 11 14 25 30 28 7 
11 22 14 14 22 36 17 26 5 17 14 32 19 86 15 17 20 12 16 25 25 7 31 31 6 4 0 19 27 31 28 11 30 22 62 72 7 30 31 27 8 35 23 27 15 31 66 13 17 2 10 12 29 33 32 11 
10 38 28 28 7 22 8 9 21 30 28 22 33 72 21 3 7 8 4 9 11 25 16 15 21 15 19 0 12 46 12 13 13 9 65 73 15 17 17 10 23 20 38 18 30 14 81 26 30 17 25 28 13 17 17 10 
17 46 37 37 6 28 19 11 28 40 37 12 42 79 32 11 8 15 11 8 2 33 5 10 29 23 27 12 0 54 8 20 16 5 54 63 22 5 21 8 31 27 47 28 39 22 89 34 38 25 33 36 10 25 11 17 
39 14 22 22 50 60 42 55 35 18 18 62 14 111 29 45 48 40 44 53 53 30 59 59 26 32 32 46 55 0 56 41 58 50 86 96 37 58 55 55 26 59 21 46 22 55 37 33 31 31 23 21 58 57 60 39 
19 48 38 38 7 21 19 7 29 41 38 19 43 72 32 12 9 16 13 4 8 34 9 4 30 24 28 12 7 55 0 21 8 7 60 69 24 12 14 3 32 20 48 25 40 16 90 35 39 26 34 37 2 18 6 19 
8 32 23 23 15 34 17 20 10 26 23 22 28 84 19 11 13 8 10 18 18 18 22 25 15 8 10 13 20 40 22 0 24 15 55 66 4 19 29 20 17 32 33 28 25 27 75 15 19 11 19 22 23 29 26 8 
21 50 38 38 14 13 18 7 32 41 40 28 45 64 31 14 15 19 15 10 17 37 18 12 33 26 30 14 16 57 11 24 0 15 69 78 26 21 6 10 35 12 51 20 43 8 92 38 41 29 36 40 9 10 13 21 
14 43 33 33 3 26 16 9 24 36 33 14 38 76 28 7 3 11 8 5 3 29 9 9 25 19 23 9 5 50 7 16 14 0 56 65 19 9 18 6 27 24 43 26 35 19 85 30 34 21 29 32 8 22 11 14 
63 75 76 76 59 80 72 63 58 79 76 46 79 131 74 64 59 63 64 60 55 65 51 61 68 64 62 65 56 85 60 55 68 58 0 13 59 51 73 60 70 79 74 80 72 74 123 59 57 64 72 70 61 76 62 63 
66 79 79 79 61 82 74 65 61 82 79 48 82 132 77 66 62 66 66 61 57 68 53 63 71 67 66 67 57 89 61 58 69 59 6 0 62 53 74 62 73 80 77 82 76 75 126 62 60 68 75 73 63 78 63 66 
8 29 19 19 17 36 16 22 7 22 19 26 24 86 18 13 15 9 12 21 21 14 26 27 11 5 7 15 23 36 24 4 26 18 59 70 0 23 30 22 14 34 29 27 21 29 72 15 18 7 16 18 25 32 28 8 
21 50 40 40 10 32 24 16 28 43 40 7 45 83 35 14 11 18 15 12 7 36 4 14 32 26 29 16 8 57 12 19 20 8 50 59 23 0 25 12 34 31 50 32 42 26 92 34 38 28 36 39 14 29 14 21 
22 47 35 35 18 8 15 10 34 37 36 31 41 58 28 17 18 21 18 14 20 36 22 16 31 27 31 15 20 53 14 27 7 19 73 82 29 24 0 14 32 6 47 15 39 2 89 41 44 29 33 36 13 4 17 22 
17 46 37 37 6 22 18 5 28 39 37 18 42 72 31 11 8 15 11 3 6 33 8 5 29 22 27 10 6 54 2 20 9 5 59 68 22 11 14 0 31 20 47 23 39 15 89 34 37 25 33 36 3 18 7 17 
17 19 6 6 28 38 20 32 14 9 6 40 11 89 10 23 26 18 22 31 31 13 37 37 4 10 10 24 33 23 34 18 36 28 72 82 15 36 33 33 0 37 21 28 13 33 58 19 23 9 2 9 35 35 38 17 
26 51 39 39 23 6 19 15 38 42 41 37 46 52 32 21 24 25 22 20 26 41 28 22 35 32 36 19 26 58 20 32 13 24 79 87 34 30 7 20 36 0 52 19 44 6 93 45 49 33 37 41 19 5 22 26 
23 12 14 14 34 45 27 38 17 15 14 46 14 96 20 29 32 24 28 37 37 13 43 43 13 16 15 30 39 21 40 24 42 34 72 82 21 42 40 39 13 44 0 36 4 40 58 16 17 14 10 3 41 42 44 23 
20 43 29 29 24 22 13 19 30 29 30 38 34 68 21 20 24 21 21 21 27 32 29 28 25 24 27 18 27 46 25 28 20 25 80 89 27 32 17 23 27 19 43 0 35 14 81 38 42 25 29 33 25 16 30 20 
31 10 22 22 42 53 35 46 25 22 20 54 20 104 28 37 40 32 36 45 45 21 51 51 21 24 23 38 47 19 48 32 50 42 74 84 29 50 48 47 21 52 8 44 0 48 57 21 19 22 18 11 49 50 52 31 
22 47 35 35 18 9 14 10 34 38 36 32 42 58 28 16 18 21 17 14 21 36 22 18 31 28 31 14 21 54 16 26 9 19 74 82 28 25 3 14 32 6 47 14 39 0 89 40 43 29 33 37 15 4 19 22 
74 49 57 57 85 95 76 89 69 53 53 97 49 91 64 80 83 75 79 88 88 65 94 94 61 67 67 81 90 37 91 75 93 85 122 132 72 93 90 90 61 93 57 81 59 89 0 70 67 66 58 57 92 91 95 74 
21 23 22 22 28 47 29 33 9 25 22 37 24 97 25 24 26 21 23 32 32 10 37 38 17 17 13 26 34 32 35 15 37 29 59 69 14 34 42 33 18 45 21 39 16 40 70 0 4 15 18 14 36 43 39 21 
25 20 26 26 32 51 33 37 13 27 26 40 26 101 29 28 30 24 27 36 35 14 41 42 21 21 17 30 37 30 39 19 40 33 57 67 18 38 46 37 22 49 18 43 17 44 67 4 0 18 21 15 40 46 43 25 
9 22 13 13 20 35 15 25 6 16 13 32 18 85 13 15 18 10 15 24 23 8 29 29 5 2 3 18 25 30 27 11 28 21 64 74 7 28 29 25 8 33 23 25 14 29 66 15 18 0 10 11 28 31 31 9 
17 16 5 5 28 39 20 33 15 8 5 41 10 89 11 24 27 18 23 32 32 11 37 38 5 11 11 25 34 23 35 19 37 29 73 83 16 37 34 34 5 38 18 29 10 34 58 18 21 10 0 7 36 35 39 17 
20 11 12 12 31 42 24 35 14 13 12 43 12 93 17 26 29 21 25 34 34 10 40 40 10 13 12 27 36 20 37 21 39 31 70 80 18 39 37 36 10 41 12 33 3 37 57 15 15 11 7 0 38 39 41 20 
20 49 39 39 9 20 20 8 30 42 39 20 44 71 33 13 11 17 14 5 9 35 10 4 31 25 29 13 9 56 3 23 8 8 61 70 25 13 13 4 33 19 49 26 41 15 91 36 40 27 35 38 0 17 5 20 
24 49 37 37 22 8 17 14 36 40 39 36 44 57 30 20 22 23 20 18 24 39 26 20 33 30 34 17 24 56 19 30 11 23 77 86 32 29 6 18 34 5 50 16 42 4 91 43 47 31 35 39 17 0 21 24 
25 54 44 44 14 25 25 13 35 47 44 21 49 75 38 18 15 22 19 10 10 40 11 3 36 30 34 18 9 61 7 28 13 12 62 70 30 14 18 10 38 23 54 31 46 20 96 41 45 32 40 43 6 22 0 25 
0 31 21 21 13 28 9 17 12 24 21 26 26 78 16 8 11 3 7 16 16 17 22 22 13 7 11 10 18 38 19 8 21 13 63 73 9 21 23 18 15 26 31 20 23 22 73 21 24 9 17 20 20 24 23 0 