TRIPS: 6
VEHICLES: 12
NRSTATIONS: 49
NRCOMPARTMENTS: 3
CAPACITY: 8000
NRPRODUCTS: 2
VEHICLE SECTION <compartment number> <capacity> <vehicle_id>
2 12 0
2 12 1
2 12 2
2 12 3
2 12 4
2 12 5
2 12 6
2 12 7
2 12 8
2 12 9
2 12 10
2 12 11
DEMANDS SECTION <customer_id> <demand_p1> <demand_p2> ... <demand_NRPRODUCTS>
0 0 0
1 22000 0
2 34000 18000
3 24000 11000
4 12000 12000
5 22000 12000
6 22000 12000
7 10000 9000
8 22000 0
9 28000 9000
10 8000 12000
11 34000 12000
12 21000 10000
13 34000 0
14 12000 10000
15 0 12000
16 12000 0
17 12000 10000
18 10000 11000
19 10000 12000
20 24000 8000
21 10000 0
22 11000 12000
23 12000 0
24 24000 12000
25 24000 12000
26 21000 0
27 20000 10000
28 12000 12000
29 23000 0
30 12000 0
31 10000 10000
32 46000 24000
33 22000 0
34 12000 0
35 12000 0
36 0 11000
37 10000 0
38 12000 11000
39 20000 0
40 0 12000
41 23000 0
42 11000 0
43 12000 0
44 12000 11000
45 12000 10000
46 24000 22000
47 0 12000
48 12000 0
49 12000 10000
50 0 0
DISTANCE SECTION (full distance matrix 0=depot 1 2 ... NRSTATION)
0 19 16 19 19 19 19 22 35 24 27 28 23 21 16 27 4 23 8 23 11 13 29 15 18 36 23 28 9 6 16 25 5 22 18 14 9 13 24 24 7 13 28 13 25 15 10 26 12 19 0 
20 0 6 6 11 4 36 6 22 8 9 15 6 10 31 8 21 7 14 4 10 9 18 12 21 25 13 9 18 23 5 10 16 21 33 15 18 7 31 18 16 16 36 6 7 11 13 8 8 10 20 
17 7 0 5 5 5 33 8 27 11 13 20 11 15 31 13 18 12 11 9 7 5 15 15 24 22 10 14 19 19 3 15 13 25 33 18 19 4 34 13 13 12 39 7 11 14 9 13 8 14 17 
18 6 4 0 7 4 35 5 25 8 12 18 9 15 33 11 19 13 12 6 9 7 14 17 26 21 9 11 21 22 3 15 14 26 35 19 21 6 36 13 15 14 40 9 10 16 11 11 9 15 18 
19 11 6 9 0 9 35 11 30 14 17 24 14 17 33 17 19 15 13 12 10 8 10 18 27 17 5 17 22 19 7 17 15 28 35 21 22 7 37 8 13 11 42 11 15 17 10 16 11 17 19 
20 4 5 4 8 0 36 5 23 7 10 17 8 13 33 10 21 11 14 6 10 8 16 15 24 23 11 11 20 23 4 13 16 24 35 18 20 7 35 15 16 15 39 9 8 14 12 10 9 13 20 
17 34 31 34 34 34 0 37 50 39 42 43 39 36 18 42 14 38 23 38 26 28 43 30 31 49 38 43 23 17 31 40 20 36 12 29 23 28 30 37 21 26 33 28 40 30 24 41 27 34 17 
22 7 8 4 11 4 39 0 20 3 10 17 9 15 36 10 23 13 16 4 13 11 12 18 27 19 9 7 22 26 6 15 18 26 38 20 23 10 37 14 19 18 41 11 10 16 15 11 11 15 22 
36 22 27 25 30 24 52 21 0 20 14 10 17 17 40 14 37 18 32 20 29 30 31 22 23 37 28 16 30 39 26 19 32 22 46 24 30 28 32 33 34 37 35 26 16 22 32 15 27 19 36 
25 7 11 8 15 8 42 4 19 0 10 17 10 15 37 10 26 13 19 4 15 14 12 19 27 19 11 4 24 29 9 15 21 27 39 21 24 12 38 16 22 21 42 13 10 17 18 11 13 16 25 
28 9 14 12 17 11 44 11 14 11 0 8 4 9 33 1 29 7 22 9 18 17 22 14 18 28 19 7 22 31 13 8 24 18 37 17 22 15 29 23 25 24 33 14 3 14 21 2 16 10 28 
28 15 19 20 24 18 44 18 9 17 7 0 12 9 32 9 29 10 23 16 21 22 28 13 17 35 25 13 22 31 19 10 24 16 37 16 22 19 26 30 25 28 29 17 11 14 24 10 19 10 28 
24 6 10 10 15 8 40 9 17 10 4 10 0 6 30 4 25 4 18 7 14 14 21 11 18 28 17 7 18 27 10 6 20 18 33 14 18 11 29 21 20 21 33 11 2 10 17 3 12 7 24 
21 10 13 16 19 13 37 16 17 17 9 9 7 0 25 9 22 4 16 13 13 15 28 6 12 34 23 14 15 24 14 7 17 11 30 9 15 13 23 26 18 21 27 10 8 7 16 8 11 2 21 
16 30 31 34 34 32 19 35 39 37 32 33 30 26 0 32 17 27 23 34 26 27 43 19 19 50 38 35 14 21 31 30 19 22 10 17 14 28 13 39 21 28 15 25 31 21 24 31 26 24 16 
27 9 13 12 17 10 43 11 14 11 1 8 4 8 32 0 28 6 21 8 17 16 22 13 18 28 18 7 21 30 12 7 23 17 36 16 21 14 29 22 24 23 32 14 3 13 20 2 15 9 27 
3 20 17 20 20 20 16 23 37 25 28 29 25 22 17 28 0 24 9 24 12 14 30 16 19 37 25 29 10 5 18 26 6 23 19 15 11 14 25 25 8 13 30 14 26 16 11 27 13 20 3 
24 8 11 14 16 11 40 14 17 15 6 9 5 5 29 5 25 0 19 11 15 14 26 10 16 32 21 11 18 27 12 3 20 15 33 12 18 12 27 23 21 21 31 11 5 10 17 5 13 5 24 
6 14 12 15 14 15 22 17 32 20 22 24 19 18 20 22 7 18 0 18 7 8 24 12 17 31 19 23 9 9 12 21 2 20 22 11 10 9 27 20 3 9 31 9 20 12 5 22 7 15 6 
22 5 8 5 11 4 38 3 21 4 9 16 8 14 35 8 23 11 16 0 12 11 15 17 25 22 10 8 21 25 6 14 18 25 36 19 22 9 36 15 19 18 40 10 8 16 15 9 10 14 22 
10 10 8 11 11 11 26 13 30 16 18 22 15 14 24 18 11 14 4 14 0 4 20 12 20 27 15 19 13 13 8 17 6 21 26 14 14 5 30 17 6 8 34 5 16 12 3 18 3 12 10 
13 8 5 8 8 8 29 11 29 14 16 21 13 15 27 16 14 13 7 12 3 0 18 14 22 25 13 17 16 15 5 15 9 23 29 16 16 2 33 15 8 7 37 5 14 12 4 16 4 12 13 
28 17 14 13 9 15 43 12 29 11 21 27 20 26 42 20 28 23 22 15 19 17 0 27 36 8 5 14 31 27 13 26 24 37 44 30 31 16 46 9 21 18 51 20 21 26 19 21 20 26 28 
15 12 15 18 20 15 31 18 21 19 13 14 11 7 19 13 16 8 11 16 12 14 30 0 9 36 25 16 9 18 16 11 11 10 24 3 9 12 19 27 12 17 24 9 12 1 12 12 11 5 15 
20 21 24 27 29 24 35 26 23 27 18 17 18 12 21 18 21 15 20 23 22 23 39 10 0 44 33 24 12 23 24 17 18 4 27 8 12 22 16 36 20 26 19 19 18 11 21 18 21 13 20 
35 25 22 20 17 22 51 19 36 18 28 34 28 33 50 28 36 31 30 22 27 24 8 35 44 0 13 22 39 33 21 33 32 45 52 38 39 24 54 14 29 24 59 27 28 34 27 29 28 34 35 
22 12 10 7 4 10 38 9 29 11 16 24 15 21 37 16 23 18 17 11 14 11 8 22 31 15 0 15 26 22 8 21 18 32 39 25 26 11 41 6 16 14 45 14 16 21 14 17 14 21 22 
29 10 15 11 18 11 45 8 15 6 7 13 7 12 36 6 30 10 23 7 19 18 17 17 24 23 15 0 23 32 13 12 25 23 38 19 23 16 35 20 25 25 38 15 6 15 22 7 17 13 29 
9 16 18 21 22 18 24 21 29 23 21 22 18 15 14 21 10 17 11 20 13 15 31 9 10 38 26 22 0 12 18 19 8 14 16 7 1 15 19 27 10 16 23 11 19 9 13 20 12 13 9 
7 22 19 23 19 23 18 26 39 28 30 32 27 25 21 30 5 26 11 26 14 15 28 19 21 33 23 32 13 0 20 29 9 26 23 18 13 17 29 21 8 9 34 17 29 19 12 30 15 23 7 
18 5 3 3 8 3 34 6 25 9 11 18 9 13 32 11 19 11 12 7 8 6 15 16 25 22 10 12 20 21 0 13 14 25 34 18 20 5 35 14 14 13 39 8 9 15 10 11 8 13 18 
29 13 17 18 22 16 45 17 14 17 6 7 10 9 34 7 30 8 24 14 20 20 28 15 19 34 24 13 23 32 17 0 25 18 38 17 23 17 28 29 26 27 32 17 9 15 23 8 18 11 29 
4 15 13 16 16 16 21 18 32 21 23 24 20 18 19 23 5 19 5 19 8 9 25 11 16 32 20 24 8 8 13 22 0 20 21 11 8 10 26 21 4 10 30 10 21 12 6 23 8 15 4 
19 20 24 26 29 24 35 26 22 27 18 17 18 11 20 18 20 15 20 23 21 23 38 10 4 44 33 24 12 22 24 17 17 0 27 7 11 22 17 36 19 26 21 19 18 11 21 18 20 12 19 
18 32 33 36 36 34 10 37 45 39 37 38 33 31 10 37 19 32 25 36 28 29 45 25 25 52 40 38 16 23 33 35 21 29 0 23 17 30 21 41 23 30 23 27 35 25 26 36 28 29 18 
15 14 18 20 23 18 31 20 24 22 15 16 14 9 17 15 16 11 13 18 14 16 32 3 7 39 27 19 8 18 18 13 11 10 23 0 8 15 17 29 12 19 21 12 14 4 14 15 13 7 15 
11 18 20 23 24 20 25 23 29 25 22 22 18 16 14 21 12 17 13 22 15 17 33 9 9 40 28 23 2 14 20 19 10 13 17 6 0 17 18 29 12 18 22 13 20 9 14 21 14 13 11 
15 6 4 6 9 7 32 9 27 12 14 19 11 13 29 14 16 11 9 10 6 4 18 12 21 25 13 15 16 19 4 13 11 21 31 15 16 0 31 16 11 11 35 4 12 11 8 14 4 10 15 
24 31 34 37 39 34 30 37 31 38 29 26 29 23 13 29 25 26 29 35 31 32 49 19 18 55 44 35 20 29 35 28 26 14 21 17 18 31 0 45 28 35 5 28 30 20 30 29 30 24 24 
24 17 13 13 7 15 38 14 33 16 22 29 21 24 38 21 24 21 19 16 17 14 10 25 34 13 7 20 27 20 14 24 21 35 40 28 28 14 44 0 18 11 49 17 21 24 17 22 17 24 24 
8 16 13 16 13 16 23 19 34 22 24 26 21 20 22 24 8 20 5 20 7 8 22 14 19 29 17 25 11 8 13 22 4 22 24 13 12 10 29 18 0 7 33 10 22 14 5 23 9 17 8 
13 15 11 15 11 15 27 18 36 21 23 28 20 21 28 23 13 20 9 19 8 7 20 17 25 24 15 24 17 9 12 22 10 26 30 19 17 9 35 12 7 0 39 11 21 17 7 23 10 18 13 
29 35 39 41 44 38 33 41 34 43 32 29 33 27 15 32 30 30 33 39 35 37 53 24 22 60 48 39 24 34 39 32 31 18 23 21 23 36 5 50 32 39 0 33 34 25 35 33 34 28 29 
14 6 7 10 12 8 30 11 26 12 14 18 10 10 25 14 15 10 8 10 4 6 22 9 18 29 17 15 12 17 8 12 10 18 27 11 12 4 28 19 10 11 32 0 12 8 6 13 2 7 14 
25 7 12 10 16 9 42 10 15 11 2 9 2 6 30 2 26 4 20 7 16 15 22 11 18 28 17 7 20 29 11 6 21 17 35 14 20 13 29 22 22 22 32 12 0 12 19 2 14 7 25 
15 11 14 17 19 14 31 17 22 18 13 14 10 8 20 13 16 9 11 14 12 13 29 1 10 35 23 15 9 18 15 11 11 11 25 4 10 11 20 26 13 17 25 8 12 0 12 13 10 5 15 
10 11 8 11 10 11 26 14 31 17 19 23 16 15 24 19 10 15 4 15 2 3 19 12 20 26 14 20 13 13 9 18 6 21 26 14 14 5 30 16 5 7 34 6 17 12 0 19 4 13 10 
25 7 12 10 15 9 42 10 16 11 3 10 2 7 31 3 26 5 20 7 16 15 22 12 19 28 17 7 20 29 11 7 21 18 35 15 20 13 30 21 23 22 33 12 1 12 19 0 14 8 25 
13 7 8 11 13 8 29 11 27 13 15 19 12 11 26 15 14 11 7 11 3 5 22 10 19 29 17 16 13 16 8 14 9 20 28 13 13 4 29 19 9 10 34 2 13 9 5 15 0 9 13 
19 9 12 15 17 12 35 15 19 16 9 11 7 3 24 8 20 4 14 12 11 13 27 5 13 33 22 13 13 22 13 6 15 12 28 7 13 10 23 25 16 18 28 7 8 5 14 8 9 0 19 
0 19 16 19 19 19 19 22 35 24 27 28 23 21 16 27 4 23 8 23 11 13 29 15 18 36 23 28 9 6 16 25 5 22 18 14 9 13 24 24 7 13 28 13 25 15 10 26 12 19 0 