TRIPS: 6
VEHICLES: 8
NRSTATIONS: 32
NRCOMPARTMENTS: 3
CAPACITY: 8000
NRPRODUCTS: 2
VEHICLE SECTION <compartment number> <capacity> <vehicle_id>
2 13 0
2 13 1
2 11 2
1 9 3
2 11 4
2 8 5
2 13 6
1 13 7
DEMANDS SECTION <customer_id> <demand_p1> <demand_p2> ... <demand_NRPRODUCTS>
0 0 0
1 0 26000
2 21000 0
3 13000 13000
4 13000 0
5 26000 11000
6 10000 0
7 12000 0
8 11000 0
9 10000 0
10 21000 0
11 11000 0
12 10000 7000
13 11000 0
14 11000 0
15 5000 0
16 11000 0
17 11000 0
18 10000 0
19 9000 0
20 8000 8000
21 8000 0
22 0 6000
23 7000 4000
24 8000 4000
25 13000 0
26 11000 0
27 13000 0
28 13000 12000
29 24000 0
30 13000 0
31 12000 0
32 13000 0
33 0 0
DISTANCE SECTION (full distance matrix 0=depot 1 2 ... NRSTATION)
0 47 38 28 99 33 31 44 33 11 4 15 28 52 89 22 18 22 23 106 24 41 22 31 29 20 30 35 48 50 40 47 44 0 
47 0 19 23 70 19 20 3 19 38 50 36 45 10 43 63 33 26 63 60 66 74 65 74 73 30 31 36 47 47 39 48 16 47 
38 20 0 11 63 6 7 17 6 29 41 27 32 18 62 53 32 26 50 79 56 75 56 67 66 33 37 42 55 55 47 56 7 38 
28 23 11 0 72 6 4 20 5 18 31 16 26 27 65 43 22 16 43 82 46 65 46 57 56 24 30 35 49 49 41 49 16 28 
98 68 60 70 0 65 67 69 66 88 100 86 92 59 72 113 90 83 110 88 116 134 116 127 126 90 95 100 113 113 105 113 54 98 
33 20 6 6 67 0 2 17 1 24 36 22 27 23 62 48 27 21 45 79 51 70 52 62 61 29 34 39 52 51 44 52 12 33 
32 20 7 5 69 2 0 17 2 23 35 21 27 24 62 48 26 20 45 79 51 69 51 61 60 27 32 37 50 49 41 50 13 32 
44 3 16 20 70 16 17 0 16 35 47 34 42 12 45 60 30 23 60 63 63 73 62 72 71 29 30 35 47 46 38 47 14 44 
32 19 6 5 68 1 1 16 0 23 35 20 27 23 61 47 26 20 45 79 50 69 50 61 60 28 33 38 51 50 42 51 12 32 
12 38 29 18 90 24 22 35 23 0 14 4 18 43 80 28 11 13 28 98 31 51 31 41 40 14 23 29 43 45 35 43 34 12 
4 50 41 30 102 36 34 47 35 14 0 16 26 55 91 19 20 24 20 109 22 44 20 34 33 24 33 39 52 53 44 51 46 4 
15 36 27 16 88 22 20 33 21 5 16 0 14 41 78 28 12 13 28 96 31 54 31 44 43 14 24 30 44 46 36 44 32 15 
21 49 37 28 98 31 30 46 32 16 19 14 0 53 91 24 24 26 18 108 28 61 29 47 48 27 36 43 56 58 48 57 42 21 
52 10 17 26 60 22 23 12 23 43 55 41 49 0 51 68 38 31 67 68 71 83 70 79 78 38 40 46 57 56 49 57 11 52 
89 42 61 65 72 61 62 45 61 80 92 78 87 51 0 105 74 67 105 25 108 114 107 116 113 70 71 69 61 59 67 63 58 89 
22 63 53 43 115 49 47 60 48 29 18 28 36 68 105 0 37 40 13 122 6 44 7 26 29 41 50 55 68 69 60 67 59 22 
18 34 32 22 91 27 25 31 27 10 21 12 26 40 74 36 0 8 37 92 38 46 36 45 43 5 14 20 34 36 26 34 36 18 
22 26 26 16 84 22 20 23 21 13 25 13 26 32 67 40 7 0 39 85 42 52 40 50 48 8 15 21 35 35 26 35 29 22 
22 62 51 42 112 45 45 58 46 28 19 27 30 67 104 13 36 39 0 121 17 55 18 37 40 40 49 55 69 71 61 69 57 22 
106 59 79 82 88 78 79 62 78 97 109 95 104 68 25 122 91 84 122 0 125 132 124 133 130 87 88 83 76 74 82 77 75 106 
24 65 56 45 117 51 49 62 50 31 20 30 39 70 107 4 39 42 16 125 0 42 5 25 27 43 52 57 70 71 61 68 61 24 
40 74 75 64 136 70 68 74 69 49 44 53 65 84 115 43 45 52 55 132 40 0 37 28 25 47 49 51 59 59 56 58 80 40 
20 64 55 45 116 50 48 61 50 28 18 31 39 70 106 6 35 39 18 123 4 38 0 23 24 39 48 53 66 67 58 65 61 20 
30 73 66 56 127 61 59 71 61 39 34 43 56 80 113 30 43 48 40 131 26 25 24 0 17 44 52 56 68 68 61 66 72 30 
29 74 66 56 127 61 59 70 61 39 33 42 55 79 115 25 43 48 36 133 22 28 21 3 0 46 55 59 71 71 64 69 72 29 
20 30 32 23 91 28 27 30 28 13 24 14 28 38 71 40 4 7 40 88 41 46 39 46 43 0 10 17 30 32 22 31 35 20 
29 30 37 30 96 33 32 30 32 22 33 23 37 40 70 49 13 15 49 88 50 49 49 54 52 10 0 7 21 23 13 21 40 29 
36 34 43 35 101 39 38 33 38 29 39 30 44 44 70 55 19 21 56 84 57 51 54 59 56 16 7 0 14 16 6 15 46 36 
48 48 56 49 115 52 52 47 51 43 52 44 58 57 61 68 34 35 70 76 69 57 66 70 67 31 21 15 0 2 12 2 59 48 
50 47 55 49 114 51 51 46 50 45 54 46 59 56 59 70 36 35 72 74 71 59 68 71 69 33 23 17 3 0 14 4 58 50 
40 39 47 41 106 44 43 39 43 35 44 36 50 49 65 60 25 26 62 80 62 54 59 62 60 22 12 6 9 10 0 9 51 40 
47 48 56 49 115 52 52 47 52 43 51 44 58 57 63 67 34 35 69 77 68 56 65 69 66 31 21 15 2 4 13 0 59 47 
44 16 6 16 57 11 13 14 12 34 47 32 38 12 57 59 36 29 56 74 62 80 62 73 72 36 41 46 59 59 51 60 0 44 
0 47 38 28 99 33 31 44 33 11 4 15 28 52 89 22 18 22 23 106 24 41 22 31 29 20 30 35 48 50 40 47 44 0 