TRIPS: 6
VEHICLES: 15
NRSTATIONS: 44
NRCOMPARTMENTS: 3
CAPACITY: 8000
NRPRODUCTS: 2
VEHICLE SECTION <compartment number> <capacity> <vehicle_id>
2 12 0
2 12 1
2 12 2
2 10 3
2 11 4
2 12 5
2 12 6
2 10 7
2 12 8
2 12 9
2 12 10
2 12 11
2 12 12
2 12 13
2 12 14
DEMANDS SECTION <customer_id> <demand_p1> <demand_p2> ... <demand_NRPRODUCTS>
0 0 0
1 10000 0
2 10000 20000
3 0 18000
4 12000 0
5 20000 0
6 12000 12000
7 21000 21000
8 18000 9000
9 12000 12000
10 24000 10000
11 29000 24000
12 0 24000
13 24000 12000
14 40000 21000
15 0 0
16 22000 0
17 11000 0
18 12000 10000
19 10000 0
20 9000 20000
21 10000 0
22 10000 0
23 12000 0
24 11000 0
25 0 10000
26 10000 0
27 24000 0
28 20000 0
29 0 8000
30 10000 0
31 10000 9000
32 0 9000
33 12000 9000
34 0 24000
35 0 10000
36 0 12000
37 12000 12000
38 12000 0
39 12000 12000
40 20000 12000
41 12000 0
42 12000 12000
43 10000 12000
44 24000 0
45 0 0
DISTANCE SECTION (full distance matrix 0=depot 1 2 ... NRSTATION)
0 13 16 8 13 29 19 28 11 19 14 36 26 26 26 152 24 18 24 35 24 8 11 17 11 24 7 9 8 11 7 25 22 19 16 19 10 25 7 24 22 25 27 35 41 0 
15 0 4 20 11 18 9 15 13 11 15 25 14 14 18 139 11 31 12 42 12 9 7 7 7 16 19 16 8 6 11 13 9 10 4 6 8 12 9 13 21 31 14 27 32 15 
17 4 0 22 12 15 5 14 13 14 18 22 13 13 21 138 10 33 14 45 11 11 10 9 11 13 21 19 10 7 13 15 8 14 3 7 9 11 10 10 25 34 13 27 32 17 
20 27 30 0 18 33 28 42 18 36 31 37 41 41 42 166 38 36 39 53 39 24 27 33 28 26 19 26 24 26 21 40 36 35 30 33 24 39 24 27 38 43 41 52 57 20 
13 9 11 12 0 20 11 24 3 19 19 24 23 23 26 148 20 30 21 46 21 9 11 15 11 12 15 17 8 8 7 22 18 18 12 15 7 21 8 14 26 35 23 36 41 13 
28 16 14 30 18 0 9 14 21 26 30 8 21 21 30 137 17 44 24 57 11 22 23 21 23 9 31 31 21 19 21 26 12 26 13 17 19 21 21 6 37 46 20 29 31 28 
19 7 6 21 11 10 0 17 12 18 21 17 16 16 24 142 13 35 17 49 14 13 14 12 14 8 22 22 12 10 13 17 11 17 7 11 10 15 13 6 28 38 17 30 35 19 
29 16 15 34 25 17 18 0 26 13 19 23 7 7 15 125 7 38 10 43 6 23 18 12 19 20 33 23 21 19 25 12 8 13 13 10 22 6 22 17 23 32 6 15 19 29 
11 11 13 9 3 22 13 26 0 20 17 26 24 24 27 150 22 27 23 43 22 8 11 16 11 15 13 15 7 9 5 24 19 20 14 17 7 23 8 16 25 33 25 36 42 11 
19 11 13 24 19 27 18 13 21 0 8 34 8 8 7 134 11 29 5 34 16 15 11 7 11 25 23 14 14 12 17 6 15 1 13 9 14 7 13 23 12 21 8 18 23 19 
15 15 18 19 19 32 23 19 17 8 0 39 15 15 14 141 17 23 12 28 22 13 9 11 9 29 18 8 12 14 12 13 20 7 18 14 14 14 11 27 10 17 15 24 29 15 
35 24 22 36 24 8 17 22 27 34 38 0 29 29 37 136 24 52 32 64 18 30 30 29 30 14 39 39 29 27 29 33 19 34 21 25 27 28 29 13 45 53 28 36 37 35 
25 13 12 30 22 22 15 7 24 8 15 28 0 1 11 129 6 35 6 38 11 20 15 9 15 21 29 20 18 16 23 7 10 8 11 7 19 1 19 18 18 27 3 16 21 25 
25 13 12 30 22 22 15 7 24 8 15 28 1 0 11 129 6 35 6 38 11 20 15 9 15 21 29 20 18 16 23 7 10 8 11 7 19 1 19 18 18 27 3 16 21 25 
26 18 19 31 26 31 24 16 27 7 14 37 10 10 0 132 16 36 8 30 20 22 18 14 18 31 30 21 20 19 24 11 20 8 19 15 21 11 20 28 12 19 9 12 17 26 
153 140 139 158 149 139 143 126 151 135 142 137 128 128 132 0 131 163 130 149 129 147 142 136 143 144 157 148 146 143 149 133 132 135 137 134 146 129 146 141 139 146 127 122 118 153 
25 12 11 30 21 18 14 5 23 11 16 24 5 5 13 129 0 35 8 41 7 19 14 8 14 18 29 20 17 15 21 10 6 11 9 6 17 4 18 15 21 30 4 18 23 25 
18 30 33 24 30 45 36 38 27 29 23 52 36 36 36 162 36 0 34 30 39 25 24 30 24 41 18 17 24 28 23 35 37 29 33 32 26 35 23 40 29 24 37 45 50 18 
24 13 12 29 22 26 17 11 24 5 12 32 5 5 7 130 10 34 0 35 15 20 15 9 15 24 28 19 18 16 22 3 14 6 13 9 18 5 18 22 14 23 4 15 20 24 
36 43 46 42 46 59 51 44 44 34 28 66 38 38 31 150 44 30 35 0 48 40 37 39 37 57 35 30 40 42 39 38 48 35 46 42 42 39 39 56 25 14 37 40 39 36 
25 12 11 30 21 12 15 4 23 16 21 19 11 11 19 128 6 39 14 46 0 19 16 11 16 16 29 24 18 15 22 15 4 16 9 7 18 10 18 13 27 36 10 19 22 25 
6 9 12 11 9 24 14 23 7 16 11 31 22 22 22 148 19 22 20 38 20 0 7 12 7 20 10 10 3 7 3 21 17 15 12 14 5 20 3 19 20 27 22 32 37 6 
11 7 10 16 11 24 14 18 11 11 9 31 16 16 17 142 14 24 14 36 15 6 0 7 1 21 15 9 4 5 8 15 13 10 11 9 5 15 4 19 16 26 17 27 32 11 
17 7 8 22 15 22 13 11 17 7 11 29 10 10 14 136 7 30 8 38 12 11 7 0 7 20 21 15 10 7 14 9 10 6 8 4 10 8 10 18 18 27 10 23 28 17 
11 7 10 16 12 24 14 18 12 11 9 31 16 16 18 142 14 24 15 37 16 6 1 7 0 21 15 9 4 5 8 15 14 11 11 9 5 15 4 19 16 26 17 27 33 11 
24 14 13 23 11 10 7 20 14 24 28 13 22 22 30 144 17 40 23 55 16 19 20 19 20 0 26 28 18 17 18 24 14 24 14 17 17 21 18 4 35 44 21 33 38 24 
7 18 21 7 15 32 23 32 13 24 19 38 31 31 30 157 28 18 28 36 29 13 15 21 15 27 0 13 12 16 10 30 27 23 21 23 13 29 12 27 25 25 31 40 45 7 
11 17 20 15 18 33 24 23 16 14 6 40 21 21 20 147 21 17 18 29 25 13 10 15 10 29 14 0 12 15 12 19 23 13 20 18 14 20 11 28 13 18 21 29 33 11 
9 6 9 14 9 22 12 20 9 14 12 28 19 19 21 145 16 25 17 39 17 3 4 9 4 18 13 12 0 4 6 18 14 13 9 11 3 17 2 17 19 29 19 30 36 9 
10 5 8 15 8 20 11 19 9 13 14 27 18 18 20 144 15 26 16 41 16 4 5 8 5 17 14 14 3 0 6 17 13 12 8 10 3 16 4 15 21 30 18 30 36 10 
8 10 13 11 7 22 13 25 4 18 13 29 23 23 24 149 21 24 22 40 22 5 9 14 9 18 11 12 5 7 0 22 19 17 13 16 5 22 5 18 22 29 24 34 39 8 
29 17 17 34 27 28 22 13 29 10 17 34 8 8 9 129 14 38 5 37 17 24 20 13 20 29 33 23 23 20 26 0 17 11 17 13 23 9 23 26 18 26 7 14 20 29 
22 10 8 27 18 12 11 7 20 15 20 19 11 11 19 131 6 38 14 46 3 16 14 10 14 14 26 23 15 13 19 15 0 15 6 7 15 10 16 11 26 36 10 20 25 22 
19 10 12 24 18 27 17 13 20 1 7 33 8 8 8 134 11 28 5 35 16 14 10 6 11 25 23 13 13 11 16 6 15 0 13 9 14 8 13 22 12 22 8 19 24 19 
18 5 3 22 13 15 8 12 15 14 18 22 11 11 19 136 8 34 13 46 9 12 11 8 12 14 22 20 10 8 14 13 6 13 0 5 10 9 11 11 25 34 11 25 30 18 
20 7 6 25 16 18 11 9 18 10 15 25 8 8 17 134 5 33 9 42 8 14 9 5 9 18 24 18 12 10 16 10 6 10 5 0 13 7 13 15 21 30 8 22 27 20 
10 5 8 14 7 19 10 20 8 13 14 26 19 19 21 145 16 26 17 41 17 4 5 9 5 16 13 14 3 2 5 18 14 13 9 11 0 17 4 14 21 30 19 31 37 10 
25 13 12 30 22 22 16 7 24 7 14 28 2 2 10 128 6 35 5 37 11 20 15 9 16 22 29 20 18 16 22 6 10 7 11 7 19 0 19 19 17 26 2 15 20 25 
8 7 10 13 8 23 13 21 8 14 12 29 20 20 20 145 17 25 18 39 18 2 4 10 4 19 12 11 1 5 5 19 15 13 10 12 3 18 0 18 18 28 20 30 35 8 
24 12 12 25 14 7 5 16 17 23 26 13 19 19 27 140 14 40 22 54 13 18 19 17 19 4 27 28 17 15 18 22 11 22 10 14 15 18 18 0 33 43 18 30 34 24 
19 22 24 23 26 38 29 24 23 12 7 44 18 18 13 140 22 27 14 27 27 20 16 18 16 36 22 11 19 21 19 17 26 12 24 20 21 18 19 34 0 14 18 22 27 19 
25 31 33 31 35 48 38 33 32 21 17 54 27 27 19 146 31 24 23 13 36 29 26 27 26 45 25 19 28 31 28 26 35 22 34 30 30 27 28 43 12 0 26 28 32 25 
27 14 13 32 23 22 17 7 25 9 16 28 2 2 9 127 7 36 4 37 11 21 17 10 17 22 31 21 20 17 24 7 11 9 12 9 20 3 20 19 17 26 0 14 19 27 
36 28 27 41 37 31 30 16 37 18 24 37 15 15 13 122 20 46 16 38 20 32 28 24 28 33 40 30 30 29 34 19 21 19 26 22 32 16 30 30 22 28 14 0 6 36 
39 31 30 44 40 31 33 17 40 21 27 36 18 18 16 119 23 49 19 40 21 35 31 27 31 35 43 34 33 32 37 22 24 22 29 25 35 19 33 33 26 32 17 4 0 39 
0 13 16 8 13 29 19 28 11 19 14 36 26 26 26 152 24 18 24 35 24 8 11 17 11 24 7 9 8 11 7 25 22 19 16 19 10 25 7 24 22 25 27 35 41 0 