TRIPS: 6
VEHICLES: 13
NRSTATIONS: 43
NRCOMPARTMENTS: 3
CAPACITY: 8000
NRPRODUCTS: 2
VEHICLE SECTION <compartment number> <capacity> <vehicle_id>
1 10 0
2 12 1
2 10 2
2 12 3
1 9 4
2 12 5
2 12 6
2 12 7
2 12 8
2 12 9
2 12 10
2 12 11
2 12 12
DEMANDS SECTION <customer_id> <demand_p1> <demand_p2> ... <demand_NRPRODUCTS>
0 0 0
1 10000 7000
2 12000 0
3 10000 12000
4 24000 0
5 12000 0
6 12000 12000
7 17000 16000
8 29000 7000
9 18000 28000
10 0 22000
11 8000 34000
12 0 12000
13 0 20000
14 0 11000
15 16000 8000
16 9000 7000
17 2000 3000
18 12000 12000
19 12000 12000
20 12000 0
21 0 12000
22 20000 0
23 11000 8000
24 12000 0
25 0 12000
26 8000 0
27 22000 0
28 12000 0
29 10000 0
30 32000 6000
31 12000 12000
32 12000 0
33 0 8000
34 10000 12000
35 10000 0
36 12000 0
37 0 0
38 24000 22000
39 12000 12000
40 0 12000
41 0 11000
42 12000 0
43 24000 0
44 0 0
DISTANCE SECTION (full distance matrix 0=depot 1 2 ... NRSTATION)
0 25 17 17 9 5 9 18 11 20 23 20 17 17 13 13 113 127 23 6 17 14 12 14 17 14 9 13 13 11 21 11 23 10 16 8 23 59 12 10 13 18 11 5 0 
21 0 37 21 27 17 19 24 26 26 40 23 13 34 15 15 98 112 18 25 36 23 26 34 22 30 30 31 16 31 42 31 14 30 11 24 32 80 11 19 23 26 26 19 21 
17 35 0 34 16 21 25 33 21 33 21 36 28 16 23 23 120 134 39 13 12 27 16 12 23 16 11 15 29 7 6 11 31 12 32 17 33 58 28 27 26 31 19 21 17 
16 32 33 0 20 15 10 6 15 9 30 5 24 26 25 25 114 128 7 20 29 8 28 30 30 31 25 30 8 27 37 27 29 26 13 25 15 76 16 7 9 8 28 12 16 
9 34 16 21 0 12 12 19 6 18 16 23 26 11 22 22 122 136 26 5 12 13 21 18 26 21 16 20 16 10 22 16 32 17 20 17 18 65 16 14 12 17 21 8 9 
4 25 21 16 11 0 5 17 11 19 25 19 17 20 12 12 112 126 21 8 19 13 16 18 18 19 13 18 10 15 25 15 22 14 12 13 22 64 8 9 12 16 16 4 4 
7 28 24 13 11 5 0 14 10 15 24 15 20 18 16 16 115 129 18 11 22 9 19 21 21 21 16 20 7 18 28 18 26 17 9 15 20 66 8 6 8 13 18 3 7 
20 38 34 6 19 18 13 0 13 3 28 6 30 25 28 28 119 133 9 22 28 8 31 33 33 34 29 33 12 28 40 30 34 29 18 28 12 79 20 10 10 4 31 15 20 
13 35 22 15 7 12 11 13 0 12 18 18 27 13 23 23 122 136 20 11 17 7 24 24 28 26 21 25 11 16 28 21 33 22 18 21 12 70 15 9 6 11 24 8 13 
20 39 33 7 17 18 13 3 12 0 27 7 31 23 28 28 121 134 11 21 26 7 31 32 33 34 29 33 13 26 38 29 36 29 19 28 11 78 20 9 8 2 31 15 20 
17 42 16 26 10 19 19 24 12 23 0 29 34 5 30 30 129 143 32 12 7 18 26 23 32 26 21 25 23 14 21 21 40 22 27 24 23 69 23 20 17 22 25 16 17 
20 35 36 3 23 18 13 6 18 8 33 0 26 29 27 27 118 130 6 23 32 11 31 33 34 34 29 33 11 30 41 30 32 29 15 28 17 79 19 10 13 8 31 15 20 
17 13 26 23 24 15 19 26 25 29 39 25 0 33 3 3 97 111 22 21 32 24 14 23 10 17 18 18 18 19 30 20 8 19 10 13 34 68 11 20 24 27 14 18 17 
23 48 20 30 16 25 25 28 18 27 6 33 40 0 36 36 135 149 36 18 10 22 32 29 38 32 27 31 27 20 26 27 46 28 33 30 27 75 29 25 21 26 31 22 23 
14 14 23 26 21 12 16 27 22 29 36 27 5 30 0 1 100 114 24 18 29 23 12 20 9 16 15 16 19 16 28 17 10 16 13 10 33 65 13 19 22 27 12 15 14 
14 14 23 26 21 12 16 27 22 29 36 27 5 30 1 0 100 114 24 18 29 23 12 20 9 16 15 16 19 16 28 17 10 16 13 10 33 65 13 19 22 27 12 15 14 
103 85 110 106 110 101 104 109 110 111 125 107 87 119 89 89 0 24 102 107 118 108 95 102 89 97 100 98 101 105 110 101 79 101 95 97 116 136 96 104 108 110 100 104 103 
111 93 118 113 118 109 112 116 118 119 133 115 95 127 97 97 41 0 110 115 126 116 103 110 97 105 108 106 109 113 118 109 87 108 103 105 124 143 104 112 116 118 108 111 111 
22 31 38 6 25 20 15 9 20 11 35 7 23 32 23 23 113 127 0 26 34 13 34 36 30 36 31 35 12 32 43 33 28 32 11 30 20 81 15 13 15 11 33 17 22 
8 32 14 23 5 11 14 23 11 22 19 25 24 13 20 20 120 134 28 0 12 16 17 15 24 17 13 16 18 7 19 13 30 14 22 15 22 62 18 16 15 20 17 10 8 
17 42 12 29 11 20 23 27 16 26 11 32 34 8 29 29 128 142 35 11 0 21 25 21 31 25 20 24 26 13 17 20 39 21 30 23 26 69 27 24 20 25 25 19 17 
15 35 27 10 12 13 8 8 7 8 22 12 27 18 24 24 118 132 15 15 21 0 27 26 29 29 24 28 8 20 33 24 33 25 15 23 11 72 16 5 3 6 26 10 15 
12 25 16 29 20 17 20 30 23 31 32 31 16 26 12 12 106 120 34 17 25 25 0 9 8 5 6 5 24 11 17 7 17 6 24 5 34 55 19 22 24 29 8 16 12 
13 31 12 29 18 17 21 30 23 32 29 32 23 23 19 19 111 125 35 15 22 26 8 0 12 6 4 4 25 9 11 3 23 4 28 11 35 49 24 22 25 30 14 17 13 
17 21 23 31 25 17 20 32 26 33 38 34 10 32 8 8 99 113 30 22 31 28 8 14 0 9 12 10 24 17 22 13 10 12 19 10 38 59 18 24 27 31 13 20 17 
15 28 17 32 21 20 23 33 25 34 32 34 19 27 16 16 107 121 37 18 25 28 5 7 9 0 6 3 27 12 15 6 19 5 27 8 37 52 23 25 27 32 12 19 15 
10 28 11 26 15 14 17 27 20 29 27 29 20 21 16 16 110 124 32 13 20 23 6 6 13 6 0 5 22 7 12 2 21 2 25 8 31 51 21 19 22 27 11 14 10 
14 29 15 31 19 19 22 32 24 33 31 33 19 25 16 16 108 122 36 16 24 27 5 5 9 2 5 0 26 11 13 5 19 4 27 8 36 50 23 24 26 31 12 18 14 
13 27 29 8 16 10 6 11 12 13 28 11 19 24 20 20 110 124 12 17 27 7 24 27 25 27 22 26 0 23 34 24 25 23 8 21 18 72 9 3 7 11 24 8 13 
11 29 7 27 10 15 18 27 15 27 21 30 21 15 16 16 115 129 32 7 13 21 12 9 18 12 7 11 23 0 13 7 26 8 26 10 27 57 22 20 19 25 13 15 11 
22 40 6 38 21 26 29 39 27 39 26 41 31 21 28 28 120 134 43 18 17 32 17 9 21 14 12 13 34 13 0 12 31 12 37 20 38 52 33 31 31 37 23 26 22 
10 28 11 27 16 15 18 28 21 29 27 29 21 21 17 17 111 125 32 13 20 23 7 5 14 7 1 6 22 7 12 0 22 2 26 8 32 51 22 20 22 27 11 14 10 
24 11 31 30 32 23 26 33 32 36 46 32 8 41 11 11 90 104 28 29 39 32 17 24 11 19 21 20 25 26 32 23 0 22 18 18 41 69 19 28 32 35 22 26 24 
11 29 12 28 17 16 19 29 21 30 28 30 21 22 16 16 111 125 33 14 22 24 6 4 12 5 2 4 23 8 12 2 22 0 26 8 33 50 23 21 23 28 12 15 11 
16 20 32 13 19 12 9 16 18 19 33 15 12 27 13 13 106 120 12 19 30 14 23 29 20 27 25 28 8 26 37 26 18 25 0 21 24 75 5 10 14 17 23 11 16 
10 23 15 26 17 14 17 27 20 29 30 29 15 24 11 11 107 121 32 14 23 23 4 10 10 6 5 7 22 10 18 7 18 6 21 0 31 56 17 19 22 27 7 14 10 
24 45 34 16 18 23 18 13 13 12 27 18 36 24 34 34 126 140 21 22 26 12 35 35 39 38 32 37 18 28 39 32 41 33 25 32 0 81 25 15 12 10 35 19 24 
61 79 56 77 64 65 69 78 68 78 74 80 70 68 67 67 146 160 83 61 67 71 56 49 60 53 52 51 73 56 50 51 70 52 76 59 79 0 72 70 70 75 62 65 61 
12 21 29 16 16 8 8 16 15 19 29 18 13 23 13 13 107 121 16 16 27 13 19 26 19 23 21 23 9 23 33 23 18 22 4 17 24 71 0 9 13 17 18 8 12 
10 30 27 8 14 8 3 9 9 10 24 10 22 21 19 19 113 127 13 14 24 4 22 24 24 24 19 23 3 21 31 21 28 20 10 18 14 69 11 0 4 8 21 6 10 
13 34 26 10 11 12 7 9 6 9 21 13 26 18 23 23 117 131 16 13 20 2 25 25 28 27 22 26 7 19 31 22 31 23 14 21 12 71 14 4 0 6 24 9 13 
18 37 31 8 17 16 11 4 12 3 26 9 29 23 26 26 120 133 12 18 26 5 29 30 31 32 26 31 11 24 37 27 35 27 17 26 11 76 18 7 6 0 29 13 18 
11 17 20 27 18 13 16 28 21 30 33 30 10 27 6 6 106 120 28 15 26 24 9 17 10 13 13 14 20 13 25 14 16 13 17 7 33 63 14 20 23 28 0 15 11 
7 29 23 12 10 6 4 13 9 15 23 15 21 18 17 17 116 130 18 11 21 9 18 20 22 21 16 20 8 17 28 18 27 16 12 15 20 66 9 5 8 13 18 0 7 
0 25 17 17 9 5 9 18 11 20 23 20 17 17 13 13 113 127 23 6 17 14 12 14 17 14 9 13 13 11 21 11 23 10 16 8 23 59 12 10 13 18 11 5 0 