TRIPS: 6
VEHICLES: 19
NRSTATIONS: 55
NRCOMPARTMENTS: 3
CAPACITY: 8000
NRPRODUCTS: 2
VEHICLE SECTION <compartment number> <capacity> <vehicle_id>
2 12 0
2 12 1
2 12 2
1 6 3
2 12 4
1 10 5
2 12 6
1 15 7
1 15 8
2 12 9
2 12 10
2 12 11
2 12 12
1 14 13
2 12 14
2 12 15
1 15 16
2 10 17
2 12 18
DEMANDS SECTION <customer_id> <demand_p1> <demand_p2> ... <demand_NRPRODUCTS>
0 0 0
1 12000 8000
2 14000 0
3 8000 9000
4 12000 12000
5 22000 12000
6 34000 34000
7 30000 15000
8 10000 9000
9 9000 11000
10 7000 5000
11 6000 6000
12 24000 24000
13 17000 19000
14 12000 9000
15 8000 9000
16 10000 0
17 10000 0
18 24000 0
19 20000 22000
20 11000 10000
21 24000 30000
22 14000 0
23 15000 0
24 10000 0
25 36000 0
26 12000 0
27 12000 12000
28 10000 0
29 10000 9000
30 24000 21000
31 12000 0
32 9000 0
33 12000 5000
34 15000 0
35 10000 8000
36 12000 10000
37 12000 11000
38 24000 21000
39 30000 8000
40 14000 0
41 12000 0
42 8000 0
43 14000 0
44 14000 0
45 12000 11000
46 10000 11000
47 12000 7000
48 12000 11000
49 28000 9000
50 32000 12000
51 15000 0
52 20000 8000
53 21000 0
54 15000 0
55 20000 24000
56 0 0
DISTANCE SECTION (full distance matrix 0=depot 1 2 ... NRSTATION)
0 31 21 21 13 13 17 7 11 13 63 73 13 19 20 9 21 3 31 16 16 22 21 29 16 24 28 40 26 21 23 9 8 9 47 7 21 13 22 23 8 20 15 11 20 17 18 31 18 22 10 30 24 27 24 23 0 
29 0 18 18 40 40 44 22 21 19 74 84 40 46 47 27 15 30 5 43 43 49 17 9 25 15 51 64 50 48 10 33 35 20 19 34 48 40 49 46 30 16 19 38 9 19 45 8 45 46 36 13 51 2 48 50 29 
19 19 0 1 30 30 33 12 12 6 74 84 31 36 38 17 4 20 14 33 33 39 2 13 9 6 39 51 37 38 15 20 25 11 31 24 36 30 39 33 21 18 5 28 11 16 35 23 35 33 25 14 41 16 35 40 19 
19 19 1 0 30 30 33 12 12 6 74 84 31 36 38 17 4 20 14 33 33 39 2 13 9 6 39 51 37 38 15 20 25 11 31 24 36 30 39 33 21 18 5 28 11 16 35 23 35 33 25 14 41 16 35 40 19 
12 41 31 31 0 1 8 17 21 23 60 69 4 9 9 17 31 9 41 5 7 12 30 39 26 34 24 37 23 12 33 14 5 19 57 5 12 4 12 17 15 30 25 2 30 27 7 41 8 18 7 40 15 37 21 13 12 
12 41 31 31 1 0 8 17 21 23 60 69 4 9 9 17 31 9 41 5 7 12 30 39 26 34 24 37 23 12 33 14 5 19 57 5 12 4 12 17 15 30 25 2 30 27 7 41 8 18 7 40 15 37 21 13 12 
16 45 35 35 8 8 0 21 25 27 64 72 9 7 7 21 35 13 45 4 10 13 34 43 28 38 17 29 16 15 37 13 9 23 61 10 5 9 10 9 19 34 29 8 35 31 5 45 10 11 8 44 14 41 13 11 16 
7 24 15 15 18 18 22 0 5 7 64 74 18 24 25 5 15 8 24 21 21 27 14 23 13 18 33 46 32 26 17 14 13 3 41 12 26 18 27 28 8 14 9 16 14 10 23 25 23 28 15 24 29 20 30 28 7 
11 22 14 14 22 22 26 4 0 6 62 72 22 28 29 7 14 12 23 25 25 31 14 21 15 17 36 48 35 30 15 17 17 2 40 16 30 22 31 31 11 10 8 20 12 7 27 23 27 31 19 23 33 19 33 32 11 
13 21 8 8 24 24 29 7 7 0 69 79 25 31 32 12 8 14 18 28 28 33 8 16 9 11 35 47 33 33 13 16 20 6 35 19 32 25 34 29 15 13 3 23 10 11 30 21 30 29 21 18 36 17 31 35 13 
63 75 76 76 59 59 63 64 62 68 0 13 58 60 61 59 76 63 78 60 55 51 76 80 74 79 80 93 79 51 72 72 64 64 93 64 68 58 61 73 55 63 70 59 70 65 60 74 56 74 65 82 54 74 76 62 63 
66 79 79 79 61 61 65 67 66 71 6 0 60 61 63 62 79 66 81 61 57 53 79 84 77 82 82 94 80 53 76 74 66 68 96 66 69 59 63 74 58 66 74 62 73 68 62 77 57 75 67 86 56 77 78 63 66 
13 42 33 33 2 2 8 18 23 25 57 66 0 6 7 18 33 11 42 4 4 10 32 41 28 36 25 37 23 9 35 15 7 21 59 7 12 1 9 17 16 32 27 4 32 29 5 43 6 18 8 42 12 39 21 10 13 
19 48 38 38 7 7 7 24 28 30 60 69 7 0 2 24 38 16 48 4 8 9 37 46 32 41 21 34 20 12 40 19 12 26 64 13 8 7 4 14 21 37 32 9 37 34 3 48 7 16 12 47 8 44 18 6 19 
20 49 39 39 9 9 8 25 29 31 61 70 9 3 0 25 39 17 49 5 9 10 39 47 33 42 20 33 19 13 41 20 13 27 65 14 8 8 4 13 23 38 33 11 38 35 4 49 9 15 13 48 9 45 17 5 20 
8 29 19 19 17 17 22 5 7 11 59 70 18 24 25 0 19 9 29 21 21 26 19 27 18 22 36 48 34 23 21 16 13 7 46 12 26 18 27 30 4 17 13 15 18 14 22 29 23 29 15 29 29 25 32 28 8 
21 17 4 4 32 32 37 15 15 9 76 86 33 39 40 20 0 22 10 36 36 41 4 8 12 3 43 55 41 41 14 24 28 14 26 27 41 33 42 37 23 19 8 30 12 16 37 21 38 37 29 9 44 13 39 43 21 
3 31 22 22 10 10 15 8 12 14 63 73 11 17 18 9 22 0 32 14 13 19 22 30 18 25 27 39 25 19 24 10 6 10 48 5 18 11 20 21 7 21 16 8 21 18 15 32 16 21 8 31 22 28 23 21 3 
31 7 14 14 42 42 47 24 23 18 78 88 43 48 50 29 10 32 0 45 45 51 14 4 21 10 52 65 51 50 12 34 37 22 20 36 50 42 51 47 33 18 18 40 11 21 47 13 47 47 38 8 53 6 49 52 31 
16 45 35 35 6 6 4 21 25 27 62 70 8 5 6 21 35 13 45 0 8 11 35 43 29 38 21 34 20 13 37 15 9 23 61 10 9 7 9 14 19 34 29 7 34 31 3 45 8 15 8 44 12 41 17 10 16 
16 45 35 35 5 5 10 21 25 28 55 64 4 7 9 21 35 14 45 7 0 6 35 44 31 38 27 40 26 6 37 18 10 24 62 10 15 3 10 20 19 35 30 6 35 32 7 46 3 21 11 45 8 42 24 10 16 
21 50 41 41 10 10 13 26 31 33 51 60 9 9 10 25 41 19 50 9 6 0 40 49 36 43 29 42 28 3 43 23 15 29 67 15 17 9 11 22 21 40 35 12 40 37 9 51 5 23 16 50 4 47 26 11 21 
21 20 3 3 32 32 36 15 15 9 76 87 33 39 40 20 4 22 13 36 36 41 0 12 9 3 41 54 40 41 17 23 28 14 30 27 39 33 42 36 23 21 7 31 14 18 38 24 38 36 28 13 44 16 38 43 21 
28 9 12 12 39 39 44 22 21 16 80 90 40 46 47 27 8 29 3 43 43 48 11 0 19 8 50 62 48 48 13 31 35 20 21 34 48 40 49 45 30 19 15 38 11 18 45 15 45 44 36 7 51 8 46 50 28 
16 26 10 10 27 27 28 13 15 9 74 84 28 33 33 18 12 18 21 29 31 36 9 20 0 12 34 46 32 36 21 15 23 13 38 22 31 28 36 28 19 21 7 25 18 19 31 29 32 28 21 21 39 23 30 37 16 
25 17 6 6 36 36 39 18 18 12 80 90 36 42 43 23 4 25 11 39 39 45 6 9 14 0 45 57 43 44 16 26 31 17 27 30 43 36 45 39 26 21 11 34 13 19 41 23 41 39 31 10 47 15 41 46 25 
28 53 40 40 25 25 17 33 37 36 80 89 26 21 20 35 42 27 52 21 27 29 40 50 33 43 0 14 6 32 45 20 23 35 68 24 14 26 23 9 33 45 35 25 42 42 21 53 27 8 21 51 27 49 8 23 28 
40 65 52 52 37 37 29 45 49 48 92 101 38 34 32 47 54 38 64 33 39 41 52 62 45 55 14 0 13 44 57 32 35 47 80 36 26 38 35 21 45 57 47 37 54 54 33 65 39 19 33 63 39 61 19 36 40 
26 51 39 39 23 23 15 32 36 35 79 87 25 20 19 34 41 25 51 20 26 28 39 49 32 42 6 14 0 30 44 19 21 33 67 22 13 24 22 7 32 44 34 24 41 41 20 52 26 6 19 50 26 48 5 22 26 
21 50 40 40 10 10 16 26 29 32 50 59 9 12 14 23 40 18 50 12 7 4 39 48 35 43 32 45 31 0 42 24 14 28 66 15 20 8 14 25 19 37 34 11 39 36 12 50 8 26 16 49 7 46 29 14 21 
31 10 22 22 42 42 46 24 23 21 74 84 42 48 49 29 20 32 13 45 45 51 23 16 28 22 53 66 52 50 0 35 37 22 27 36 50 42 51 48 32 17 21 40 11 21 47 8 47 48 38 20 53 8 50 52 31 
9 34 22 22 15 15 13 13 17 18 72 81 16 19 20 16 23 10 33 16 18 24 21 32 15 25 21 33 19 24 26 0 11 15 50 11 17 16 23 15 17 25 17 14 24 22 17 34 19 15 8 33 26 30 17 24 9 
7 36 26 26 6 6 10 12 16 19 62 71 7 13 13 12 26 5 36 9 10 15 26 35 22 29 24 36 22 15 29 10 0 15 53 1 14 7 16 19 10 26 21 4 26 23 11 37 12 17 3 36 18 33 20 17 7 
9 22 13 13 20 20 25 2 3 5 64 74 21 27 28 7 13 10 22 24 23 29 13 20 13 16 35 47 33 28 14 15 15 0 39 15 28 21 29 29 11 11 7 18 11 8 25 23 25 29 18 22 31 18 31 31 9 
47 19 30 30 58 58 63 40 40 34 93 103 59 65 66 45 26 48 20 62 61 67 30 22 38 26 69 81 67 66 29 50 53 39 0 53 66 59 67 63 49 35 34 56 28 38 63 27 63 63 55 17 69 21 65 69 47 
7 36 26 26 7 7 11 12 16 18 63 72 7 13 14 12 26 5 36 10 10 16 26 34 22 29 25 37 23 15 28 11 2 14 53 0 15 7 16 20 10 25 20 5 26 22 12 36 12 18 4 36 18 32 20 17 7 
21 50 38 38 14 14 7 26 30 33 69 78 16 11 9 26 40 19 50 10 17 18 38 48 31 41 13 26 12 21 43 18 14 29 66 15 0 15 12 6 24 40 33 15 40 37 10 51 16 8 14 49 16 47 10 13 21 
14 43 33 33 3 3 9 19 23 25 56 65 1 7 8 19 33 11 43 5 3 9 32 41 28 36 26 38 24 9 35 16 7 21 59 8 14 0 9 18 16 32 27 3 32 29 6 43 5 19 9 42 11 39 22 11 14 
23 52 42 42 12 12 12 28 32 35 61 70 11 5 5 28 42 21 52 9 9 10 42 51 37 45 23 36 22 13 45 24 17 31 69 17 12 11 0 16 26 42 37 14 42 39 8 53 8 19 16 52 8 49 20 2 23 
22 47 35 35 18 18 10 27 31 31 73 82 19 14 13 29 36 21 46 14 20 22 34 44 28 37 8 20 6 24 39 15 17 29 63 18 7 19 16 0 27 39 29 18 36 36 14 47 20 2 15 46 20 43 4 17 22 
8 32 23 23 15 15 20 8 10 15 55 66 16 22 23 4 23 8 32 18 18 22 22 31 19 26 34 46 32 19 25 17 11 11 49 10 24 15 25 29 0 19 17 13 22 18 20 33 20 27 13 32 25 29 29 26 8 
20 18 18 18 31 31 36 13 11 13 63 73 32 37 39 16 18 21 18 35 34 40 20 19 21 20 45 57 43 39 10 25 26 11 35 25 39 31 40 39 20 0 14 29 8 6 36 17 36 39 28 22 42 14 41 42 20 
15 20 7 7 26 26 31 9 9 3 70 80 27 33 34 13 8 16 17 30 29 35 6 16 7 10 36 48 34 34 14 17 21 7 34 21 34 27 35 31 17 14 0 24 11 12 31 22 31 30 23 17 38 17 32 37 15 
11 40 30 30 3 3 8 16 20 23 59 68 4 9 11 16 31 9 40 7 6 12 30 39 26 33 25 38 24 11 33 14 5 19 57 5 13 3 12 18 14 30 25 0 30 27 8 41 8 19 7 40 14 37 21 14 11 
20 11 12 12 31 31 35 13 12 10 70 80 32 37 38 18 12 21 11 34 34 40 13 12 17 13 42 55 41 39 3 24 26 11 28 25 39 31 40 37 21 9 10 29 0 10 36 12 36 37 27 15 42 7 39 41 20 
14 20 15 15 25 25 29 7 5 8 62 72 26 31 33 11 15 15 21 28 28 34 15 19 16 18 39 51 37 33 13 19 20 5 38 19 33 25 34 33 14 7 9 23 10 0 30 21 30 33 22 21 36 17 35 35 14 
17 46 37 37 6 6 5 22 27 29 59 68 6 2 3 22 37 15 46 3 6 8 36 45 31 39 22 34 20 11 39 18 11 25 63 11 9 5 5 14 20 36 31 8 36 33 0 47 6 15 10 46 9 43 18 7 17 
23 12 14 14 34 34 38 16 15 13 72 82 35 40 41 21 14 24 12 37 37 43 16 14 20 15 45 58 44 42 4 27 29 14 29 28 42 34 43 40 24 10 13 32 3 13 39 0 39 40 30 17 45 8 42 44 23 
17 46 37 37 6 6 11 23 27 29 54 63 5 8 10 22 37 15 46 8 2 5 36 45 32 40 28 41 27 5 39 19 11 25 63 11 16 5 10 21 20 36 31 8 36 33 8 47 0 22 12 46 8 43 25 11 17 
22 47 35 35 18 18 10 28 31 31 74 82 19 16 15 28 36 21 46 14 21 22 34 45 28 38 9 20 6 25 39 14 16 29 63 17 9 19 18 3 26 39 30 18 37 36 14 47 21 0 14 46 22 43 4 19 22 
10 38 28 28 7 7 9 15 19 21 65 73 9 12 13 15 28 8 38 9 11 16 27 37 21 30 22 34 20 17 30 8 3 17 55 4 13 9 15 17 13 28 22 7 28 25 10 38 12 14 0 38 19 34 17 17 10 
30 15 13 13 41 41 46 23 23 17 82 92 42 47 49 28 9 31 9 45 44 50 13 7 21 9 51 64 50 49 17 33 36 22 17 35 49 41 50 46 32 22 17 39 15 21 46 21 46 46 37 0 52 14 48 52 30 
24 53 44 44 13 13 14 29 34 36 54 63 12 8 8 29 44 22 53 12 9 4 43 52 39 46 28 40 26 7 46 26 18 32 70 18 15 12 8 20 25 43 38 15 43 40 11 54 8 22 19 53 0 50 24 8 24 
26 4 15 15 37 37 42 20 19 17 74 84 38 44 45 25 13 27 6 41 41 46 15 10 23 14 49 61 47 46 8 30 33 17 21 32 46 38 47 44 28 14 17 35 7 16 43 8 43 43 34 14 49 0 45 48 26 
24 49 37 37 22 22 14 30 34 33 77 86 23 19 17 32 39 23 49 18 24 26 37 47 30 40 8 19 5 29 42 17 20 31 65 20 11 23 20 6 30 42 32 22 39 39 18 50 24 4 17 48 24 46 0 21 24 
25 54 44 44 14 14 13 30 34 36 62 70 12 7 6 30 44 22 54 10 10 11 44 52 38 47 25 37 23 14 46 25 18 32 70 19 13 12 3 18 28 43 38 15 43 40 10 54 9 20 18 53 8 50 22 0 25 
0 31 21 21 13 13 17 7 11 13 63 73 13 19 20 9 21 3 31 16 16 22 21 29 16 24 28 40 26 21 23 9 8 9 47 7 21 13 22 23 8 20 15 11 20 17 18 31 18 22 10 30 24 27 24 23 0 