TRIPS: 6
VEHICLES: 19
NRSTATIONS: 54
NRCOMPARTMENTS: 3
CAPACITY: 8000
NRPRODUCTS: 2
VEHICLE SECTION <compartment number> <capacity> <vehicle_id>
2 12 0
2 12 1
2 12 2
2 12 3
1 15 4
1 15 5
1 13 6
2 12 7
2 12 8
2 12 9
2 12 10
1 7 11
2 12 12
1 12 13
2 12 14
2 12 15
1 15 16
2 10 17
2 12 18
DEMANDS SECTION <customer_id> <demand_p1> <demand_p2> ... <demand_NRPRODUCTS>
0 0 0
1 20000 12000
2 19000 12000
3 9000 9000
4 32000 12000
5 21000 0
6 15000 13000
7 12000 10000
8 12000 12000
9 22000 0
10 16000 0
11 12000 12000
12 10000 0
13 15000 0
14 10000 0
15 13000 0
16 24000 0
17 30000 38000
18 13000 0
19 10000 0
20 12000 0
21 10000 0
22 13000 0
23 19000 9000
24 24000 21000
25 32000 26000
26 12000 12000
27 11000 10000
28 37000 17000
29 22000 8000
30 12000 6000
31 12000 12000
32 8000 12000
33 54000 8000
34 24000 18000
35 12000 8000
36 23000 0
37 7000 5000
38 5000 3000
39 19000 21000
40 20000 16000
41 12000 0
42 24000 0
43 16000 15000
44 23000 12000
45 9000 0
46 15000 0
47 8000 0
48 12000 0
49 12000 0
50 10000 9000
51 24000 7000
52 15000 0
53 16000 0
54 34000 29000
55 0 0
DISTANCE SECTION (full distance matrix 0=depot 1 2 ... NRSTATION)
0 31 21 21 17 15 19 13 31 13 28 13 21 23 16 11 3 22 8 9 8 26 14 13 23 22 20 9 7 11 11 18 13 24 21 20 10 63 73 16 16 9 27 18 22 73 28 15 38 7 17 23 15 24 23 0 
29 0 18 18 44 14 46 40 8 40 51 40 15 23 25 38 30 49 30 33 35 50 18 40 10 49 9 20 22 21 22 45 19 15 48 47 36 74 85 43 43 27 2 45 46 49 8 19 12 34 19 46 19 48 50 29 
19 19 0 73 33 11 36 30 23 30 39 31 4 9 9 28 20 39 21 20 25 37 5 30 15 39 11 11 12 12 11 35 6 6 36 38 25 74 86 33 33 17 16 35 33 57 12 5 22 24 16 33 7 35 40 19 
19 19 73 0 33 11 36 30 23 30 39 31 4 9 9 28 20 39 21 20 25 37 5 30 15 39 11 11 12 12 11 35 6 6 36 38 25 74 86 33 33 17 16 35 33 57 12 5 22 24 16 33 7 35 40 19 
16 45 35 35 0 30 7 9 45 8 17 9 35 36 28 8 13 13 19 13 9 16 29 8 37 10 35 23 21 25 25 5 27 38 5 7 8 64 72 4 10 21 41 10 11 88 43 29 52 10 31 9 30 13 11 16 
15 15 11 11 31 0 33 27 16 26 40 27 11 19 14 24 16 35 17 20 22 38 6 26 8 36 5 6 9 7 10 31 5 14 34 34 23 67 79 30 29 13 12 32 34 59 13 7 24 21 6 34 7 36 37 15 
19 48 38 38 7 32 0 7 48 7 21 7 38 40 32 9 16 9 21 19 12 20 31 7 40 4 37 26 24 28 28 3 30 41 8 2 12 60 69 4 8 24 44 7 16 90 45 32 55 13 34 14 32 18 6 19 
14 43 33 33 9 27 7 0 43 3 26 1 33 35 28 3 11 9 16 16 7 24 26 3 35 9 32 21 19 23 23 6 25 36 14 8 9 56 65 5 3 19 39 5 19 85 40 27 50 8 29 18 27 22 11 14 
23 12 14 14 38 8 40 34 0 34 45 35 14 22 20 32 24 43 24 27 29 44 12 34 4 43 3 14 16 15 16 39 13 15 42 41 30 72 83 37 37 21 8 39 40 58 13 13 21 28 13 40 13 42 44 23 
12 41 31 31 8 25 9 4 41 0 24 4 31 33 26 2 9 12 15 14 5 23 24 51 33 12 30 19 17 21 21 7 23 34 12 9 7 60 69 5 7 17 37 8 18 83 38 25 48 5 27 17 25 21 13 12 
28 53 40 40 17 40 21 26 53 25 0 26 42 42 33 25 27 29 33 20 23 6 36 25 45 23 42 35 33 37 33 21 36 43 14 20 21 80 89 21 27 35 49 27 8 95 49 35 59 24 42 9 38 8 23 28 
13 42 33 33 8 27 6 1 43 2 25 0 33 35 28 4 11 10 16 15 7 23 26 2 35 9 32 21 18 23 23 5 25 36 12 7 8 57 66 4 4 18 39 6 18 85 40 27 50 7 29 17 27 21 10 13 
21 17 4 4 37 12 39 33 21 32 43 33 0 10 12 30 22 41 23 24 28 41 8 32 14 42 12 14 15 15 14 37 9 3 41 40 29 76 88 36 36 20 13 38 37 53 8 8 17 27 16 37 8 39 43 21 
23 24 9 9 37 19 42 36 29 35 43 36 9 0 10 33 25 44 26 24 30 41 13 35 22 44 20 20 21 21 17 39 15 8 41 42 29 81 91 38 38 25 21 40 37 60 15 13 25 30 24 37 15 39 46 23 
16 26 10 10 28 14 33 28 29 27 34 28 12 10 0 25 18 36 19 15 23 32 8 27 21 36 18 13 13 15 10 31 9 12 31 33 21 74 84 29 31 18 23 32 28 64 19 7 29 22 19 28 10 30 37 16 
11 40 30 30 8 25 9 3 41 3 25 4 31 33 26 0 9 12 14 14 5 24 24 3 33 12 30 19 16 20 21 8 23 33 13 11 7 59 68 7 6 16 37 8 19 83 38 25 48 5 27 18 25 21 14 11 
3 31 22 22 15 16 17 11 32 10 27 11 22 25 18 8 0 19 7 10 6 25 15 10 24 20 21 10 8 12 13 15 14 25 18 18 8 63 73 14 13 9 28 16 21 74 29 16 39 5 18 21 16 23 21 3 
21 50 41 41 13 35 9 9 51 10 29 9 41 43 36 12 19 0 21 23 15 28 34 10 43 11 40 29 26 31 31 9 33 43 17 10 16 51 60 9 6 25 47 5 23 93 48 35 58 15 37 22 35 26 11 21 
8 32 23 23 20 17 22 15 33 15 34 16 23 26 19 13 8 22 0 17 11 32 16 15 25 25 22 11 8 10 13 20 15 26 24 23 13 55 66 18 18 4 29 20 27 75 30 17 40 10 18 29 17 29 26 8 
9 34 22 22 13 20 19 16 34 15 21 16 23 24 15 14 10 24 17 0 11 19 17 15 26 23 24 15 13 17 14 17 18 25 17 20 8 72 81 16 18 16 30 19 15 76 31 17 41 11 22 15 19 17 24 9 
7 36 26 26 10 21 13 7 37 6 24 7 26 29 22 4 5 15 10 10 0 22 20 6 29 16 26 15 12 16 17 11 19 29 14 13 3 62 71 9 10 12 33 12 17 79 34 21 44 975 23 19 21 20 17 7 
26 51 39 39 15 39 20 24 52 23 6 25 41 41 32 24 25 28 32 19 21 0 34 23 44 22 41 33 32 36 31 20 35 42 13 19 19 79 87 20 26 34 48 26 6 93 48 34 58 22 41 7 36 5 22 26 
15 20 7 7 31 6 32 26 22 26 36 27 8 13 8 24 16 35 17 17 21 34 0 26 13 35 10 7 8 8 7 31 2 10 34 34 22 70 82 29 29 13 16 31 30 60 15 747 25 20 12 31 2 32 36 15 
12 41 31 31 8 25 9 4 41 51 24 4 31 33 26 2 9 12 15 14 5 23 24 0 33 12 30 19 17 21 21 7 23 34 12 9 7 60 69 5 7 17 37 8 18 83 38 25 48 5 27 17 25 21 13 12 
31 10 22 22 46 16 48 42 8 42 53 42 20 29 28 40 32 51 32 35 37 52 20 42 0 51 11 22 24 23 24 47 21 22 50 49 38 74 85 45 45 29 8 47 48 57 15 21 19 36 21 48 21 50 52 31 
23 52 42 42 12 37 5 11 53 12 23 11 42 45 37 14 21 10 26 24 17 22 36 12 45 0 42 31 28 32 33 8 35 45 12 5 16 61 70 9 9 28 49 8 19 95 50 37 60 17 39 16 37 20 2 23 
20 11 12 12 35 5 37 31 12 31 42 32 12 20 17 29 21 40 21 24 26 41 9 31 3 40 0 11 13 12 13 36 10 13 39 38 27 70 82 34 34 18 7 36 37 57 11 10 20 25 10 37 10 39 41 20 
9 22 13 13 25 6 27 21 23 20 35 21 13 19 13 18 10 29 11 15 15 33 7 20 14 29 11 0 2 3 6 25 5 16 28 28 18 64 76 24 23 7 18 25 29 66 20 7 30 15 8 29 8 31 31 9 
7 24 15 15 22 9 24 18 25 18 33 18 15 21 13 16 8 27 8 14 13 32 8 18 17 27 14 3 0 5 6 23 7 18 26 25 15 64 74 21 21 5 20 23 28 67 22 9 32 12 10 28 9 30 28 7 
11 22 14 14 26 7 28 22 23 22 36 22 14 20 15 20 12 31 11 17 17 35 7 22 15 31 12 2 4 0 7 27 6 17 30 29 19 62 75 25 25 7 19 27 31 66 20 8 31 16 7 31 8 33 32 11 
10 24 14 14 26 8 28 22 24 21 33 22 14 17 10 19 11 30 12 13 17 31 7 21 16 31 13 4 4 6 0 26 6 17 29 29 17 67 77 25 24 8 20 26 27 66 21 8 31 16 11 27 8 29 32 10 
17 46 37 37 5 31 2 5 47 6 22 6 37 39 31 8 15 8 20 18 11 20 30 6 39 5 36 25 22 27 27 0 29 39 9 3 10 59 68 3 6 22 43 6 15 89 44 31 54 11 33 14 31 18 7 17 
13 21 8 8 29 5 31 25 21 24 35 25 8 15 9 23 14 33 15 16 20 33 2 24 13 34 10 6 7 7 6 30 0 11 32 32 21 69 81 28 28 12 17 30 29 61 16 3 25 19 11 29 3 31 35 13 
25 17 6 6 39 14 42 36 23 36 45 36 4 8 14 34 25 45 26 26 31 43 11 36 16 45 13 17 18 18 17 41 12 0 43 43 31 80 92 39 39 23 15 41 39 53 8 11 18 30 19 39 12 41 46 25 
21 50 38 38 7 35 11 15 51 14 13 16 40 40 31 15 19 18 24 18 14 12 33 14 43 12 40 29 26 30 30 10 33 41 0 9 14 69 78 10 17 26 47 16 8 92 47 33 57 15 37 6 35 10 13 21 
20 49 39 39 8 33 3 8 49 9 20 9 39 42 33 11 17 10 23 20 13 19 33 9 41 4 38 27 25 29 29 4 31 42 8 0 13 61 70 5 9 25 45 9 15 91 46 33 56 14 35 13 33 17 5 20 
10 38 28 28 9 23 12 9 38 7 22 9 28 29 21 7 8 16 13 8 3 20 22 7 30 15 28 17 15 19 18 10 21 30 13 13 0 65 73 9 11 15 34 12 14 81 36 22 46 4 25 17 23 17 17 10 
63 75 76 76 63 67 59 58 74 59 80 58 76 81 74 59 63 51 55 72 64 79 70 59 72 61 70 64 64 62 68 60 68 79 68 61 65 0 13 60 55 59 74 56 74 123 80 70 85 64 65 73 70 76 62 63 
66 80 80 80 65 71 61 59 78 61 82 60 80 84 77 62 66 53 58 74 66 80 75 61 78 63 75 69 67 67 72 62 73 83 69 63 67 6 0 61 57 62 78 57 75 127 84 75 90 66 69 74 75 78 63 66 
16 45 35 35 4 30 5 7 45 6 21 8 35 37 29 7 13 11 19 15 9 20 29 6 37 9 34 23 21 25 25 3 27 38 9 6 8 62 70 0 8 21 41 8 15 88 42 29 52 10 31 14 30 17 10 16 
16 45 35 35 10 30 7 3 46 5 27 4 35 38 31 6 14 6 19 18 10 26 29 5 37 10 35 24 21 25 26 7 28 38 15 9 11 55 64 7 0 21 42 3 21 88 43 30 53 10 32 20 30 24 10 16 
8 29 19 19 22 13 24 18 29 17 36 18 19 25 18 15 9 26 4 16 13 34 13 17 21 27 18 7 5 7 10 22 11 22 26 25 15 59 70 21 21 0 25 23 29 72 27 13 36 12 14 30 14 32 28 8 
26 4 15 15 42 12 44 38 8 37 49 38 13 21 23 35 27 46 28 30 33 47 16 37 8 47 7 17 20 19 20 43 17 14 46 45 34 74 85 41 41 25 0 43 43 51 9 17 14 32 16 44 16 45 48 26 
17 46 37 37 11 31 8 5 47 6 28 5 37 39 32 8 15 5 20 19 11 27 30 6 39 10 36 25 23 27 27 8 29 40 16 10 12 54 63 8 2 22 43 0 22 89 44 31 54 11 33 21 31 25 11 17 
22 47 35 35 10 34 16 19 47 18 9 19 36 36 28 18 21 22 26 14 16 6 30 18 39 18 37 29 28 31 27 14 31 38 9 15 14 74 82 14 21 28 43 21 0 89 44 30 54 17 36 3 32 4 19 22 
74 49 57 57 89 60 91 85 57 85 95 85 53 60 64 83 75 94 75 76 80 93 60 85 59 94 57 66 67 67 67 90 61 53 93 92 81 122 134 88 88 72 51 90 89 0 48 60 37 79 65 90 61 91 95 74 
29 9 13 13 45 14 47 41 15 40 51 41 9 16 20 38 30 49 31 32 36 49 16 40 14 50 12 20 23 21 22 45 17 9 49 48 37 80 92 44 44 28 8 46 45 47 0 16 11 35 19 45 16 47 51 29 
15 20 7 7 31 7 33 27 22 26 36 27 8 13 7 24 16 35 17 17 21 34 714 26 14 35 11 7 9 9 7 31 3 10 34 34 23 70 82 30 29 13 17 31 30 60 15 0 25 21 12 31 3 32 37 15 
39 14 22 22 55 25 56 50 21 50 60 51 18 25 29 48 40 59 41 42 45 59 25 50 22 59 21 31 32 32 32 55 26 18 58 58 46 86 97 53 53 37 15 55 55 37 13 25 0 44 30 55 26 57 60 39 
7 36 26 26 11 21 13 7 36 7 25 7 26 29 22 5 5 16 10 11 2 23 20 7 28 16 26 14 12 16 17 12 18 29 15 14 4 63 72 10 10 12 32 12 18 79 34 20 43 0 22 20 21 20 17 7 
14 20 15 15 29 5 31 25 21 25 39 26 15 21 16 23 15 34 14 19 20 37 9 25 13 34 10 5 7 5 10 30 8 18 33 33 22 62 74 28 28 11 17 30 33 64 18 9 29 19 0 33 9 35 35 14 
22 47 35 35 10 34 14 19 47 18 8 19 36 36 28 18 21 22 27 15 17 6 30 18 39 16 36 29 27 31 27 14 31 37 7 13 15 73 82 14 20 29 43 20 2 89 44 29 53 18 36 0 32 4 17 22 
17 19 6 6 32 8 34 28 21 28 38 28 6 13 10 26 18 37 18 20 23 37 3 28 13 37 9 9 10 10 10 33 4 9 36 35 24 72 84 31 31 15 15 33 33 58 13 3 23 22 13 33 0 35 38 17 
24 49 37 37 14 37 19 23 50 22 8 23 39 39 30 22 23 26 30 17 20 5 32 22 42 20 39 31 30 34 29 18 33 40 11 17 17 77 86 18 24 32 46 24 4 91 46 32 56 20 39 6 34 0 21 24 
25 54 44 44 13 38 7 12 54 14 25 12 44 47 38 15 22 11 28 25 18 23 37 14 46 3 43 32 30 34 34 10 36 47 13 6 18 62 70 10 10 30 50 9 20 96 51 38 61 19 40 18 38 22 0 25 
0 31 21 21 17 15 19 13 31 13 28 13 21 23 16 11 3 22 8 9 8 26 14 13 23 22 20 9 7 11 11 18 13 24 21 20 10 63 73 16 16 9 27 18 22 73 28 15 38 7 17 23 15 24 23 0 