TRIPS: 6
VEHICLES: 13
NRSTATIONS: 51
NRCOMPARTMENTS: 3
CAPACITY: 8000
NRPRODUCTS: 2
VEHICLE SECTION <compartment number> <capacity> <vehicle_id>
2 12 0
2 12 1
2 12 2
2 9 3
2 12 4
2 12 5
2 12 6
2 12 7
2 12 8
2 11 9
2 12 10
2 12 11
2 12 12
DEMANDS SECTION <customer_id> <demand_p1> <demand_p2> ... <demand_NRPRODUCTS>
0 0 0
1 12000 0
2 11000 12000
3 12000 12000
4 12000 12000
5 18000 0
6 12000 0
7 12000 12000
8 12000 9000
9 23000 17000
10 10000 10000
11 24000 0
12 24000 10000
13 24000 12000
14 23000 0
15 9000 0
16 0 7000
17 25000 0
18 12000 12000
19 12000 22000
20 22000 9000
21 30000 24000
22 10000 12000
23 22000 22000
24 24000 0
25 12000 10000
26 12000 0
27 27000 12000
28 12000 0
29 12000 8000
30 12000 0
31 11000 0
32 24000 0
33 12000 0
34 0 18000
35 0 22000
36 36000 0
37 24000 0
38 28000 44000
39 8000 7000
40 15000 0
41 11000 0
42 10000 0
43 12000 0
44 10000 12000
45 12000 10000
46 12000 0
47 24000 0
48 12000 11000
49 12000 0
50 12000 11000
51 24000 0
52 0 0
DISTANCE SECTION (full distance matrix 0=depot 1 2 ... NRSTATION)
0 22 23 18 24 16 7 24 19 27 16 4 5 27 28 45 37 47 19 7 26 24 8 19 11 17 35 28 19 25 16 28 7 16 8 19 13 9 31 48 30 36 20 10 6 23 24 21 13 26 25 23 0 
19 0 18 4 14 12 19 22 35 18 24 20 17 18 17 35 22 35 29 19 18 27 20 20 21 26 27 24 12 17 20 21 22 24 23 35 26 11 21 32 21 20 35 21 19 23 34 11 22 18 18 15 19 
24 18 0 18 5 22 17 5 40 4 10 25 20 4 10 46 32 46 15 20 3 10 18 6 14 14 38 7 7 6 30 33 28 10 29 39 21 18 8 43 7 30 41 17 21 7 18 6 11 3 2 4 24 
20 4 18 0 14 13 19 22 35 18 24 21 18 18 17 33 20 33 29 20 18 27 20 21 22 26 26 24 13 17 21 19 23 24 24 36 26 12 21 31 21 18 35 21 20 23 34 12 22 18 18 15 20 
24 14 5 14 0 21 18 10 40 4 12 25 20 4 7 42 29 43 17 22 5 15 20 9 16 15 35 11 6 3 29 29 28 13 29 40 22 19 7 40 8 27 42 18 22 11 22 5 13 5 5 3 24 
16 15 23 11 21 0 20 26 25 24 26 18 18 24 25 30 21 31 32 20 23 31 21 23 23 27 19 27 16 22 8 12 17 27 23 35 27 11 28 32 27 25 26 22 20 27 36 18 23 23 23 19 16 
8 18 17 18 18 20 0 17 25 20 10 9 4 20 22 49 36 49 13 5 20 18 2 12 5 11 39 21 13 19 23 32 12 10 13 25 8 11 25 46 24 34 26 3 6 16 18 15 7 20 18 16 8 
25 22 4 22 8 25 18 0 41 4 11 26 21 5 12 48 34 47 14 21 5 7 19 6 15 14 41 5 11 10 33 36 29 9 30 39 21 20 8 44 8 31 42 17 23 3 15 10 12 5 4 8 25 
17 36 39 31 39 26 22 39 0 42 31 14 20 42 43 46 45 52 34 21 41 39 23 34 26 32 39 43 34 40 18 33 11 31 18 30 26 23 46 54 45 50 3 24 20 38 38 36 28 41 40 38 17 
27 17 4 18 4 25 20 7 43 0 13 28 23 617 8 44 30 43 17 24 2 11 21 9 17 16 37 7 9 7 32 32 31 12 32 41 23 21 5 40 4 27 44 20 25 8 19 8 14 2 3 6 27 
17 25 11 24 14 26 10 10 33 13 0 18 13 13 20 55 42 55 5 13 13 11 11 7 7 4 45 14 14 15 31 39 21 3 22 30 12 19 18 52 17 39 34 9 14 9 10 15 4 13 11 12 17 
3 23 25 19 25 18 8 25 16 28 17 0 6 28 29 46 39 49 20 8 27 25 9 20 12 18 37 29 20 26 17 30 3 18 6 18 13 11 32 50 31 37 17 11 7 24 25 22 14 27 26 24 3 
4 20 20 16 20 18 4 20 21 23 13 5 0 23 24 47 37 49 16 4 23 21 5 15 8 14 37 24 15 22 19 30 8 13 9 21 10 8 28 47 27 35 22 6 2 19 20 18 10 23 21 19 4 
28 18 4 18 5 25 21 8 44 1 14 29 24 0 8 45 30 43 17 25 2 11 22 9 18 17 37 7 10 8 33 33 31 13 32 42 24 22 4 40 4 27 45 21 26 9 20 9 15 2 3 7 28 
28 16 12 17 7 25 22 15 44 9 19 29 24 7 0 39 23 36 24 25 10 17 23 15 21 22 34 13 10 10 32 29 32 19 33 44 28 22 8 33 9 20 45 24 26 16 27 9 19 10 11 10 28 
45 33 46 36 42 30 48 50 43 44 53 46 48 44 39 0 20 12 58 50 44 55 50 50 51 55 12 51 42 45 29 18 45 54 51 63 56 41 46 15 46 24 46 51 49 51 63 41 52 44 45 44 45 
38 19 34 23 29 22 36 37 45 31 40 39 37 29 23 21 0 14 45 38 32 39 37 37 39 43 15 35 29 32 28 14 38 41 42 55 43 31 30 11 31 8 46 38 38 38 49 28 39 32 33 31 38 
47 32 47 36 42 31 48 50 51 43 53 49 49 42 36 11 14 0 59 51 45 52 50 50 51 55 18 48 42 45 34 19 47 54 54 66 56 42 43 4 44 21 52 51 51 51 62 41 52 45 46 44 47 
19 28 14 27 17 30 13 13 35 17 6 19 15 17 24 57 45 58 0 13 16 14 13 11 10 4 49 17 17 17 33 42 22 7 21 28 11 22 21 55 20 43 35 10 14 12 6 17 7 16 15 15 19 
8 22 21 19 22 21 5 21 23 24 13 8 4 24 26 51 39 52 13 0 23 22 5 16 7 12 40 25 17 22 22 33 11 13 11 21 7 12 28 50 27 37 24 5 3 20 18 20 10 23 22 20 8 
25 18 2 19 6 23 19 6 42 3 12 26 21 3 10 45 32 45 15 23 0 11 20 7 16 15 38 7 8 7 31 33 29 11 30 40 22 20 7 42 6 29 43 19 24 7 18 7 13 55 1 5 25 
25 27 10 27 14 30 18 6 42 10 11 26 21 10 17 54 38 52 15 22 11 0 19 7 15 14 46 4 16 15 37 42 29 9 30 39 21 24 9 49 9 36 43 18 23 4 13 15 12 11 10 13 25 
6 20 19 17 20 19 3 19 22 22 12 7 2 22 24 49 37 50 14 3 22 20 0 14 7 13 38 23 15 21 20 31 10 12 11 22 9 10 27 47 26 35 23 5 4 18 19 18 9 22 20 18 6 
20 21 6 21 9 23 13 5 36 8 6 21 16 9 15 50 37 51 11 16 8 8 14 0 10 9 42 9 10 10 31 36 24 5 25 34 16 18 13 47 12 34 37 13 17 4 15 10 7 8 7 7 20 
10 21 15 20 16 22 4 15 26 18 8 11 6 18 22 51 38 51 11 6 18 16 4 10 0 8 41 19 12 17 24 34 14 8 15 26 8 14 23 48 22 36 27 3 8 14 15 14 5 18 16 14 10 
17 24 12 24 13 26 10 11 33 14 4 18 13 15 20 53 41 54 10 13 14 12 11 7 7 0 45 15 13 13 31 38 21 4 22 30 12 19 19 51 18 39 34 9 14 10 14 13 4 14 13 11 17 
36 25 40 29 35 19 39 44 38 37 46 37 38 38 35 13 15 18 51 39 38 48 40 42 42 46 0 44 35 38 22 7 35 46 42 54 46 30 41 22 41 22 40 42 39 45 56 34 43 38 39 37 36 
29 23 7 24 10 28 22 7 45 6 15 30 25 7 13 50 35 48 18 25 7 6 23 10 19 18 43 0 13 12 36 38 33 13 34 43 25 23 6 45 5 32 46 22 26 7 17 12 16 7 6 10 29 
19 12 7 13 5 16 13 11 35 8 12 20 15 9 11 42 29 42 17 16 8 16 14 9 11 14 35 13 0 6 24 28 23 13 24 35 18 13 13 40 12 27 36 14 17 12 22 3 10 8 8 4 19 
29 18 10 19 5 26 23 14 45 7 17 30 25 6 7 45 29 42 22 26 8 17 24 13 20 20 37 13 11 0 34 32 33 17 34 45 27 23 7 39 8 26 46 23 27 14 26 9 17 8 9 8 29 
16 22 30 19 29 8 22 33 19 32 31 17 19 32 33 29 28 34 34 21 31 37 23 30 26 31 22 35 24 30 0 15 16 31 22 34 28 14 36 37 35 32 19 24 20 34 38 26 28 31 31 27 16 
29 18 33 22 29 12 32 38 33 32 39 30 31 32 29 18 13 19 44 32 33 43 33 35 35 39 7 39 28 32 15 0 28 39 35 47 39 23 35 22 35 20 33 35 32 39 48 27 36 33 34 30 29 
7 25 28 21 28 17 12 28 13 31 21 4 9 31 32 45 38 48 23 10 31 29 13 23 16 21 36 32 23 30 17 29 0 21 7 19 15 13 36 49 35 39 14 13 9 27 27 26 18 31 29 27 7 
18 25 9 25 13 27 11 8 34 11 3 19 14 11 18 53 40 53 8 14 11 9 12 5 8 6 46 12 13 13 32 39 22 0 22 31 13 20 16 50 15 37 35 10 15 7 11 13 5 11 9 11 18 
20 38 38 34 39 35 24 38 30 41 30 18 21 41 45 63 54 65 28 21 41 39 24 33 26 29 53 42 35 40 34 47 19 30 0 13 18 26 45 65 45 52 31 24 21 37 27 38 27 41 39 38 20 
8 26 29 22 29 22 12 29 19 32 21 5 10 32 33 51 42 53 21 11 32 30 13 24 16 21 41 33 24 30 22 34 7 22 4 0 11 14 37 53 36 40 20 14 10 28 25 26 19 32 30 28 8 
13 26 20 25 21 27 8 20 27 23 11 13 10 23 28 56 43 56 11 7 23 21 9 15 8 11 46 24 18 22 28 39 15 12 12 19 0 17 27 53 27 41 28 7 9 19 14 21 9 23 21 20 13 
11 13 18 9 18 10 11 21 25 21 20 12 10 22 22 40 29 41 24 12 21 25 13 18 15 20 29 23 13 19 14 22 14 20 15 27 18 0 26 39 25 27 25 14 11 22 28 16 17 21 20 17 11 
31 20 8 21 7 28 24 11 47 5 17 32 27 4 7 45 29 43 21 28 6 11 25 13 21 20 39 7 13 10 36 34 35 16 36 45 27 25 0 39 2 26 48 24 29 10 21 12 18 6 7 10 31 
48 30 44 33 39 32 46 47 54 41 51 49 47 39 33 15 11 4 56 49 42 49 48 47 49 53 21 45 40 42 37 22 48 51 53 65 53 41 40 0 41 18 55 48 49 48 59 38 49 42 43 42 48 
31 21 8 22 8 29 24 10 47 5 17 32 27 4 8 46 30 43 21 28 6 10 25 13 21 20 40 6 13 11 36 35 35 16 36 45 27 25 937 40 0 27 48 24 29 10 20 12 18 6 7 10 31 
36 17 31 21 26 25 34 34 49 28 38 38 35 26 20 23 7 21 43 37 29 36 35 34 37 41 22 32 27 29 32 20 40 38 40 53 41 29 27 17 28 0 50 36 37 35 46 26 37 29 30 29 36 
15 33 36 29 36 23 19 36 5 39 28 12 17 39 40 45 43 50 31 18 38 37 20 31 24 29 37 40 31 37 16 31 9 29 15 27 23 21 43 52 42 47 0 22 17 35 36 33 25 38 37 35 15 
10 21 16 20 17 22 4 16 26 19 8 10 6 19 23 51 38 51 10 5 19 17 4 11 2 8 41 20 13 18 24 34 13 9 14 25 7 14 24 48 23 36 27 0 6 15 14 15 5 19 17 15 10 
6 21 21 18 22 20 5 21 22 24 13 6 2 24 26 49 38 51 14 1 23 22 5 16 7 13 39 25 17 22 20 32 9 14 10 20 8 10 28 49 27 36 23 5 0 20 19 19 10 23 22 20 6 
22 25 8 25 12 28 15 4 38 8 8 23 18 9 16 52 38 51 11 19 9 4 16 5 12 11 45 8 14 14 35 40 26 6 27 36 18 22 12 48 11 35 39 15 20 0 12 14 9 9 8 11 22 
24 33 17 32 22 35 18 14 40 18 12 24 20 18 26 62 47 61 5 18 19 13 18 14 15 9 54 16 22 22 38 47 27 10 25 28 14 28 20 58 20 45 41 15 19 13 0 22 12 19 18 20 24 
21 11 7 12 5 18 15 12 37 9 13 22 17 9 9 41 28 41 19 18 8 17 16 10 13 16 33 14 2 7 25 27 25 14 26 37 21 15 12 38 12 25 38 16 19 13 24 0 13 8 8 4 21 
15 21 11 21 12 23 9 11 32 14 4 16 11 14 19 52 39 52 9 11 14 12 9 6 6 4 42 15 10 13 29 35 19 4 20 29 11 16 19 49 18 37 32 8 13 10 13 13 0 14 12 11 15 
25 18 2 19 6 23 19 6 42 3 12 26 21 3 10 45 32 45 15 23 55 11 20 7 16 15 38 7 8 7 31 33 29 11 30 40 22 20 7 42 6 29 43 19 24 7 18 7 13 0 1 5 25 
25 17 2 18 5 22 19 6 42 2 12 26 21 2 9 44 31 44 16 22 2 11 20 7 16 15 37 7 7 6 30 32 29 11 30 40 22 20 6 41 6 28 43 19 23 7 19 6 13 2 0 4 25 
24 15 5 16 2 21 18 10 40 5 11 25 20 6 9 43 31 44 16 21 5 15 19 8 15 15 35 11 5 3 29 31 28 12 29 39 21 18 9 41 9 28 41 17 22 11 21 5 12 5 5 0 24 
0 22 23 18 24 16 7 24 19 27 16 4 5 27 28 45 37 47 19 7 26 24 8 19 11 17 35 28 19 25 16 28 7 16 8 19 13 9 31 48 30 36 20 10 6 23 24 21 13 26 25 23 0 