TRIPS: 6
VEHICLES: 14
NRSTATIONS: 50
NRCOMPARTMENTS: 3
CAPACITY: 8000
NRPRODUCTS: 2
VEHICLE SECTION <compartment number> <capacity> <vehicle_id>
2 13 0
2 12 1
2 11 2
2 12 3
2 12 4
2 13 5
2 8 6
2 11 7
2 11 8
2 12 9
2 12 10
2 12 11
2 12 12
2 13 13
DEMANDS SECTION <customer_id> <demand_p1> <demand_p2> ... <demand_NRPRODUCTS>
0 0 0
1 13000 11000
2 26000 13000
3 0 13000
4 12000 9000
5 13000 0
6 0 11000
7 12000 0
8 11000 11000
9 24000 11000
10 18000 12000
11 21000 0
12 12000 0
13 8000 0
14 12000 0
15 12000 0
16 25000 12000
17 0 12000
18 13000 0
19 12000 0
20 12000 0
21 13000 0
22 0 13000
23 6000 8000
24 0 3000
25 22000 8000
26 13000 7000
27 7000 5000
28 11000 0
29 23000 12000
30 0 11000
31 0 10000
32 21000 12000
33 11000 11000
34 11000 23000
35 12000 0
36 12000 0
37 8000 0
38 12000 0
39 12000 10000
40 19000 0
41 12000 8000
42 0 12000
43 12000 0
44 12000 0
45 7000 0
46 0 12000
47 12000 0
48 13000 0
49 13000 0
50 24000 0
51 0 0
DISTANCE SECTION (full distance matrix 0=depot 1 2 ... NRSTATION)
0 44 38 34 10 28 33 33 11 4 26 19 10 40 93 22 365 16 84 7 4 18 18 24 31 23 29 24 23 18 15 84 17 87 23 31 47 25 41 16 36 18 22 36 13 16 9 25 52 11 44 0 
44 0 6 10 41 16 11 17 34 47 63 59 36 51 55 29 43 28 52 38 42 36 28 62 73 66 72 60 52 54 33 52 47 44 56 25 16 64 80 58 78 53 59 8 34 34 41 19 12 46 14 44 
38 7 0 5 35 11 6 11 29 41 57 53 30 47 61 26 38 22 57 32 36 32 23 56 67 60 66 54 46 48 28 57 41 51 50 21 20 59 75 52 72 48 54 3 28 29 35 14 18 40 17 38 
34 11 5 0 31 6 1 7 24 37 53 49 26 44 65 22 33 18 56 28 32 28 18 52 63 56 62 50 42 43 24 56 36 54 46 18 19 54 71 48 68 43 49 3 24 24 31 9 21 36 15 34 
10 43 37 33 0 27 32 27 13 7 23 28 17 45 92 23 10 16 84 15 11 21 18 21 38 33 39 21 17 14 17 84 10 86 18 33 46 24 50 25 46 14 19 35 15 18 2 24 51 6 43 10 
28 16 11 7 25 0 6 7 18 31 47 43 20 41 69 16 28 12 60 22 26 22 13 46 57 50 56 45 39 38 18 60 33 60 43 18 23 48 65 42 62 38 43 9 18 19 25 4 27 30 20 28 
33 12 6 1 30 6 0 6 24 36 52 48 25 44 66 21 33 18 57 28 31 27 18 51 62 55 61 49 41 42 23 57 35 55 45 18 20 54 70 48 67 42 49 4 23 24 31 9 23 36 17 33 
33 17 11 7 26 7 6 0 24 33 48 49 26 47 71 22 33 19 62 29 31 28 19 47 62 55 61 43 35 37 24 62 30 61 39 22 25 50 71 48 68 37 44 9 24 25 26 10 28 31 22 33 
12 34 29 24 10 18 24 23 0 14 32 29 7 35 84 13 12 7 75 10 11 11 9 31 41 34 40 30 24 23 6 75 18 78 28 23 38 34 51 27 47 23 28 27 5 7 10 15 43 15 35 12 
4 46 41 36 8 30 36 34 14 0 23 22 12 44 96 24 4 19 86 10 7 20 20 22 34 27 33 22 20 15 17 86 15 90 20 34 50 23 44 19 40 16 20 39 15 18 8 27 54 8 47 4 
25 63 57 53 22 47 52 48 33 22 0 28 34 65 112 43 25 36 103 32 28 41 38 8 26 26 29 8 17 13 37 103 19 106 12 53 66 12 45 22 39 14 7 55 35 38 22 44 71 17 63 25 
18 58 53 49 27 43 48 49 27 22 27 0 23 45 102 32 18 32 91 21 21 25 31 21 21 9 18 34 37 29 28 91 33 102 35 39 56 20 23 5 20 30 24 51 26 29 27 40 63 26 55 18 
10 37 31 27 16 21 26 27 6 13 35 24 0 34 84 13 10 10 75 3 7 9 9 30 38 31 37 34 29 27 6 75 24 80 32 23 38 32 46 23 43 28 30 29 4 7 16 18 43 20 35 10 
40 51 47 44 44 41 44 47 35 44 66 43 33 0 84 26 40 34 60 36 39 25 32 62 62 51 60 64 58 57 29 60 52 94 61 27 39 62 54 47 60 57 61 46 32 29 44 38 49 49 39 40 
93 55 61 64 91 69 65 71 84 96 113 103 84 86 0 72 93 79 24 86 90 80 77 112 121 111 119 111 105 104 80 24 99 68 109 64 47 115 120 106 119 105 110 63 82 79 92 72 45 96 51 93 
22 29 26 22 22 16 22 22 13 25 44 33 13 26 72 0 22 9 62 15 19 7 7 42 50 41 48 42 35 35 7 62 30 72 39 10 26 44 52 35 50 35 40 24 10 7 22 13 31 27 23 22 
232 44 38 34 10 28 33 33 11 4 26 19 10 40 93 22 0 16 84 7 4 18 17 24 30 23 29 24 23 18 15 84 17 87 23 31 47 25 41 16 36 18 22 36 12 16 10 25 52 11 44 232 
16 28 23 19 14 13 18 19 6 19 36 32 9 34 78 9 15 0 69 11 14 11 4 35 45 38 44 34 28 27 7 69 22 72 32 19 32 38 54 30 50 28 33 21 7 8 15 10 37 19 29 16 
85 54 57 56 83 61 57 63 76 88 105 92 76 63 24 63 84 70 0 78 82 69 68 104 112 101 109 103 97 96 70 115 91 89 101 53 38 106 110 96 109 96 101 56 73 70 83 63 47 88 41 85 
7 39 33 29 14 23 28 29 9 10 32 21 3 36 87 15 7 12 77 0 4 11 11 27 35 28 34 31 29 24 8 77 22 82 29 25 41 29 43 20 40 25 27 31 6 9 14 20 45 17 37 7 
4 42 36 32 11 26 31 32 10 7 29 19 6 38 90 18 4 15 80 4 0 14 14 25 33 25 31 28 26 21 11 80 19 85 26 28 44 26 41 18 38 22 24 34 9 12 11 23 48 14 40 4 
18 36 32 28 20 22 27 28 10 21 42 27 9 26 80 8 17 12 69 11 15 0 10 38 45 35 43 40 33 33 5 69 28 79 37 17 34 40 46 30 44 33 38 31 7 5 20 19 39 25 31 18 
17 29 23 19 17 13 18 19 8 20 39 30 8 32 77 7 17 4 68 10 14 10 0 37 44 37 43 37 30 30 5 68 25 72 34 17 31 39 52 30 50 30 35 21 5 6 17 10 35 22 27 17 
24 61 56 51 21 45 51 46 31 20 6 24 31 61 111 42 24 34 102 28 25 39 37 0 25 23 27 13 20 12 36 102 18 105 16 52 65 9 42 18 36 13 4 54 33 37 21 42 70 16 62 24 
30 72 66 62 39 56 61 62 39 34 30 18 37 61 120 48 30 44 108 35 33 43 45 27 0 10 17 38 43 36 42 108 41 115 40 56 73 22 25 15 18 37 29 64 40 43 39 53 79 37 71 30 
25 67 61 57 34 51 56 57 34 28 28 11 32 54 113 43 25 39 102 29 28 36 40 22 14 0 11 35 40 33 37 102 38 110 38 50 66 19 19 10 13 34 26 60 35 38 34 48 74 32 66 25 
29 72 66 62 37 56 61 61 39 33 25 21 36 64 120 48 29 44 110 34 32 43 44 23 3 13 0 33 40 32 41 110 38 115 36 58 74 19 28 18 20 34 24 64 39 42 37 53 78 33 70 29 
24 61 55 50 20 45 49 44 31 20 9 35 33 64 111 42 24 34 102 30 27 39 37 15 34 34 37 0 9 9 36 102 15 104 6 52 65 19 53 29 46 11 11 53 33 37 20 42 69 16 62 24 
23 53 47 42 15 38 41 35 24 19 17 39 28 57 104 34 23 27 95 28 25 32 30 22 41 40 43 10 0 10 28 95 6 96 6 44 58 25 59 33 52 10 17 45 26 29 15 35 62 13 54 23 
17 54 48 44 13 38 44 38 24 13 13 30 26 57 104 35 17 27 95 23 20 32 30 13 33 31 35 9 9 0 29 95 7 98 6 45 58 16 50 24 43 2 9 47 26 30 13 35 62 9 55 17 
16 34 28 24 16 18 24 24 7 19 38 29 6 28 79 7 15 8 69 9 13 5 7 36 43 36 42 36 30 29 0 69 24 77 34 17 33 37 49 29 47 30 35 27 4 897 16 15 38 21 30 16 
85 54 57 56 83 61 57 63 76 88 105 92 76 63 24 63 84 70 115 78 82 69 68 104 112 101 109 103 97 96 70 0 91 89 101 53 38 106 110 96 109 96 101 56 73 70 83 63 47 88 41 85 
17 48 42 38 10 33 37 31 19 13 20 33 24 52 99 30 17 22 90 22 19 27 25 20 39 37 41 15 7 7 24 90 0 91 11 40 53 23 55 30 50 7 17 40 21 25 10 30 58 8 50 17 
86 42 48 52 83 58 53 59 76 89 105 101 78 93 69 71 85 70 89 80 84 78 70 104 115 108 114 102 94 96 75 89 89 0 98 67 56 106 122 100 120 95 101 50 76 76 83 61 47 88 57 86 
22 57 51 46 18 42 45 39 28 19 13 35 31 61 108 39 22 31 99 29 26 36 34 17 37 36 40 6 5 6 33 99 10 100 0 48 62 22 55 30 49 7 12 49 30 33 18 39 66 13 58 22 
32 25 22 18 31 18 18 22 23 34 53 39 22 27 64 10 31 19 53 25 29 16 17 52 59 48 56 52 45 45 17 53 40 68 49 0 17 53 59 43 57 45 50 20 20 17 32 16 27 37 17 32 
47 16 19 18 45 23 19 25 38 50 67 56 38 39 47 26 47 32 38 40 44 33 30 66 74 65 73 65 59 58 33 38 53 58 63 17 0 68 74 60 73 58 63 19 35 33 45 25 10 50 3 47 
26 67 61 57 27 51 56 53 34 25 13 22 33 63 116 45 26 39 107 30 27 41 41 9 17 18 19 23 27 20 38 107 26 110 25 54 70 0 35 16 28 21 14 59 35 39 27 48 75 22 67 26 
40 80 75 70 50 64 70 71 49 44 45 22 45 56 121 52 40 53 110 43 43 45 53 40 28 19 25 53 57 50 49 110 55 123 55 59 74 36 0 26 15 51 44 73 48 49 49 62 83 49 74 40 
16 58 52 48 25 42 48 47 25 19 22 7 23 48 106 34 16 30 95 20 18 29 30 16 18 9 15 29 32 25 28 95 30 101 31 43 59 16 26 0 21 26 19 51 26 29 25 39 65 24 57 16 
36 78 72 68 45 62 67 67 45 39 38 19 42 60 119 50 35 50 108 40 38 43 50 33 20 13 18 46 51 43 47 108 49 121 48 57 72 30 15 21 0 44 37 70 45 47 44 59 81 43 72 36 
16 53 48 44 13 38 43 37 24 13 15 30 25 56 103 34 16 26 94 23 19 32 29 14 33 31 35 11 9 2 28 94 7 97 7 44 57 16 50 25 44 0 11 46 26 29 13 35 62 8 54 16 
22 59 53 49 18 43 49 44 29 18 7 24 28 59 109 40 22 32 100 26 23 36 35 5 26 24 28 12 18 9 34 100 16 102 13 50 63 9 43 19 36 11 0 52 31 35 18 40 67 14 60 22 
36 9 3 2 33 8 3 9 26 39 55 51 28 45 63 24 35 20 56 30 34 30 20 54 65 58 64 52 44 45 26 56 38 52 48 20 19 56 73 50 70 45 51 0 26 26 33 11 20 38 16 36 
12 34 28 24 13 18 24 24 3 15 35 26 3 32 82 11 12 7 73 6 9 8 7 32 40 33 39 33 27 26 4 73 21 78 30 21 36 34 48 26 45 26 31 27 0 5 13 15 41 18 33 12 
17 33 30 25 17 19 25 26 8 20 39 29 8 27 78 6 17 9 68 10 14 4 8 37 44 36 43 37 31 30 2 68 25 77 35 16 32 39 48 30 46 31 36 28 5 0 18 16 37 23 29 17 
10 41 35 31 3 25 31 26 11 7 23 28 16 44 91 22 10 14 82 14 11 20 17 22 38 32 38 21 17 14 16 82 11 85 19 32 45 25 50 25 45 15 20 34 13 17 0 22 50 7 42 10 
25 20 14 10 22 4 9 10 15 28 44 40 17 38 72 13 25 9 63 19 23 19 10 43 54 47 53 42 36 35 15 63 30 63 40 16 26 45 62 39 59 35 40 12 15 16 22 0 30 27 23 25 
52 11 17 21 50 26 22 28 43 55 72 64 42 49 44 31 51 37 46 45 49 38 35 71 79 72 78 70 63 63 38 46 57 48 67 27 10 73 83 65 81 63 68 19 40 38 50 30 0 55 12 52 
11 46 40 36 5 30 36 31 16 7 18 27 19 49 96 27 11 19 87 17 14 24 22 17 34 30 35 16 13 9 21 87 8 90 13 37 50 19 49 23 43 9 14 39 18 22 5 27 54 0 47 11 
44 14 16 15 42 20 16 22 35 47 64 55 35 38 50 23 44 30 40 37 41 30 28 63 72 65 71 62 56 55 31 40 50 58 60 17 3 66 73 57 72 56 61 16 33 30 42 23 12 47 0 44 
0 44 38 34 10 28 33 33 11 4 26 19 10 40 93 22 365 16 84 7 4 18 18 24 31 23 29 24 23 18 15 84 17 87 23 31 47 25 41 16 36 18 22 36 13 16 9 25 52 11 44 0 