TRIPS: 6
VEHICLES: 17
NRSTATIONS: 53
NRCOMPARTMENTS: 3
CAPACITY: 8000
NRPRODUCTS: 2
VEHICLE SECTION <compartment number> <capacity> <vehicle_id>
1 8 0
2 12 1
1 9 2
2 12 3
2 12 4
2 12 5
2 12 6
1 9 7
2 12 8
2 12 9
2 12 10
2 12 11
2 12 12
1 12 13
1 8 14
2 12 15
2 12 16
DEMANDS SECTION <customer_id> <demand_p1> <demand_p2> ... <demand_NRPRODUCTS>
0 0 0
1 9000 5000
2 24000 12000
3 22000 0
4 24000 24000
5 13000 15000
6 9000 6000
7 4000 3000
8 12000 12000
9 12000 12000
10 12000 12000
11 36000 11000
12 36000 0
13 12000 0
14 12000 9000
15 21000 12000
16 24000 24000
17 22000 12000
18 22000 24000
19 0 24000
20 10000 10000
21 12000 12000
22 12000 0
23 12000 0
24 0 11000
25 12000 0
26 0 14000
27 12000 0
28 0 12000
29 44000 58000
30 12000 0
31 9000 7000
32 9000 5000
33 24000 0
34 23000 0
35 48000 24000
36 36000 12000
37 9000 12000
38 8000 0
39 20000 31000
40 10000 0
41 12000 0
42 24000 0
43 12000 10000
44 0 8000
45 46000 36000
46 24000 12000
47 12000 0
48 12000 10000
49 12000 0
50 12000 0
51 8000 0
52 59000 0
53 10000 10000
54 0 0
DISTANCE SECTION (full distance matrix 0=depot 1 2 ... NRSTATION)
0 72 9 6 11 18 113 127 18 23 14 12 4 13 11 23 5 23 17 17 9 14 61 53 8 46 11 12 14 24 11 25 56 8 13 11 9 16 14 20 13 40 4 17 13 13 20 8 16 4 13 11 17 9 0 
57 0 55 60 48 48 87 103 50 53 50 46 56 52 58 40 52 57 45 47 50 56 114 106 53 99 57 65 69 46 64 41 6 61 48 62 62 44 62 50 48 32 54 55 63 45 44 54 42 60 68 58 47 50 57 
9 71 0 8 7 13 118 132 11 14 7 12 13 5 20 20 4 15 15 13 8 6 69 60 17 54 5 20 17 21 14 31 56 16 19 19 17 17 23 13 19 37 7 24 22 10 17 16 15 13 14 20 14 8 9 
8 77 10 0 16 23 120 134 20 22 16 18 11 15 17 28 10 22 23 23 14 13 62 53 15 47 11 15 9 29 7 32 61 10 20 14 13 21 17 22 20 46 9 24 16 18 25 14 22 9 9 17 23 14 8 
11 64 7 15 0 9 114 128 7 12 3 10 15 3 22 13 6 14 8 8 4 8 72 64 19 57 8 23 23 15 21 31 49 19 20 21 20 15 25 9 20 31 9 25 24 4 11 18 11 15 20 22 8 4 11 
20 64 15 22 10 0 119 133 4 6 8 18 24 10 31 9 15 12 6 3 13 12 81 72 28 66 13 31 30 8 28 38 49 27 28 30 29 22 34 3 28 27 17 33 33 12 6 27 18 24 25 31 4 13 20 
103 84 107 107 105 109 0 24 110 114 108 96 98 108 100 102 104 116 106 107 104 112 150 141 94 135 110 101 111 109 105 85 75 101 89 99 100 92 97 111 89 101 103 89 98 101 107 96 95 102 115 100 107 104 103 
111 82 115 115 112 116 41 0 118 122 116 104 106 116 108 110 111 124 113 115 112 120 158 149 102 143 118 109 119 117 113 93 80 108 97 107 108 100 105 119 97 109 111 97 106 109 115 104 103 110 123 108 115 112 111 
18 67 11 18 7 4 120 133 0 6 5 16 22 6 29 12 13 11 8 5 11 10 79 70 26 64 12 29 27 12 24 37 51 25 26 28 26 22 32 3 26 31 15 31 31 11 9 25 17 21 23 29 6 11 18 
24 70 16 23 13 7 125 139 7 0 11 23 28 12 35 15 19 7 11 9 17 13 83 75 32 68 14 35 30 13 29 44 55 32 33 34 33 28 38 6 33 32 22 38 37 17 11 31 24 28 26 35 10 17 24 
15 68 7 15 4 8 118 132 6 10 0 14 19 3 26 15 10 11 10 8 8 6 75 67 23 60 7 26 23 16 20 35 52 22 24 26 24 19 29 8 24 32 13 29 28 8 12 23 15 19 19 26 9 8 15 
12 61 12 16 10 16 107 121 17 22 13 0 12 13 18 16 8 24 16 15 8 17 73 65 13 58 15 24 24 22 23 21 45 20 13 22 21 5 23 19 13 33 10 19 23 9 18 13 4 16 24 18 15 8 12 
6 70 13 10 16 23 109 123 22 28 19 12 0 18 8 27 10 27 22 22 13 19 63 54 4 48 16 13 17 29 11 21 54 9 9 10 10 14 11 25 9 45 9 13 12 18 25 4 16 5 18 8 22 13 6 
13 68 5 13 4 9 117 131 6 11 2 13 17 0 24 16 9 12 10 9 7 5 74 65 21 59 6 24 21 17 19 34 53 21 23 24 22 18 27 9 23 33 11 28 26 7 13 21 14 17 18 24 10 7 13 
11 66 19 15 21 28 106 120 28 33 24 14 6 23 0 28 15 33 27 27 16 24 65 57 2 50 21 16 19 34 13 17 50 11 6 13 13 12 13 30 6 45 14 10 14 20 30 4 17 10 23 1 27 16 11 
22 56 20 26 13 9 113 127 11 14 13 15 26 15 33 0 17 20 6 7 15 19 83 75 28 68 20 34 34 11 32 31 41 30 23 32 31 15 36 11 23 20 20 30 35 12 7 28 11 26 32 33 7 15 22 
7 68 6 11 6 13 116 130 13 18 9 9 11 8 18 18 0 20 12 12 4 12 68 59 15 53 9 19 19 19 17 29 53 14 17 17 16 14 21 15 17 35 4 22 20 8 15 14 12 11 18 18 12 4 7 
24 74 15 22 14 13 126 140 10 9 12 24 28 12 35 21 19 0 16 14 18 11 82 74 32 67 13 35 29 18 28 45 59 31 34 34 32 29 38 12 34 38 22 39 37 18 18 31 25 28 24 35 15 18 24 
16 61 14 20 7 6 114 128 8 12 8 14 21 9 28 7 12 15 0 4 10 13 78 69 25 63 15 28 29 9 27 32 46 24 25 27 25 17 31 9 25 26 14 30 30 8 5 24 13 20 27 28 4 10 16 
18 64 13 20 8 2 117 131 4 8 7 16 22 8 29 9 13 13 4 0 11 12 79 70 26 64 14 30 28 9 26 36 49 26 26 28 27 20 32 5 26 28 16 32 31 10 6 25 16 22 25 29 3 11 18 
7 66 7 11 6 14 115 129 13 18 9 8 11 8 18 18 3 20 13 12 0 12 68 60 15 53 10 19 19 19 18 28 51 15 16 18 16 13 21 15 16 35 5 21 20 7 15 15 9 11 19 18 13 1 7 
15 71 6 12 8 12 121 135 9 10 6 17 19 5 26 19 10 10 14 12 10 0 72 64 23 57 3 25 19 19 17 37 56 21 25 25 23 22 28 11 25 37 12 30 27 11 17 22 18 18 14 26 13 10 15 
62 130 68 61 72 80 161 175 78 82 74 74 63 73 63 84 66 81 79 79 70 72 0 15 64 16 70 51 56 85 55 80 113 55 69 54 53 76 55 80 69 102 65 62 54 74 81 62 77 60 62 63 79 70 62 
53 121 59 52 64 71 152 166 69 73 65 65 54 64 55 75 58 72 70 70 61 63 15 0 55 11 61 42 47 77 46 71 104 47 60 45 44 67 46 71 60 93 56 53 44 66 73 53 69 51 53 55 70 61 53 
9 67 17 14 19 26 105 119 26 31 22 13 5 21 7 28 13 31 25 25 15 22 63 55 0 48 19 14 17 32 12 17 50 9 5 11 11 13 11 28 5 45 12 9 12 19 28 2 17 9 21 7 26 15 9 
47 114 52 46 57 64 145 159 62 66 58 58 47 57 48 69 51 66 63 63 54 56 16 11 48 0 54 36 40 70 39 65 98 40 53 38 38 60 40 65 53 86 50 46 38 59 66 47 62 44 46 48 63 54 47 
13 72 6 11 8 13 122 136 11 12 7 15 17 6 24 20 8 12 15 13 11 3 71 62 21 56 0 23 18 20 16 35 57 20 23 23 21 20 26 12 23 38 10 28 25 11 18 20 18 17 14 24 14 11 13 
12 79 19 15 22 29 111 125 29 33 25 23 12 24 13 34 16 34 28 28 20 25 52 44 13 37 22 0 14 35 8 30 63 5 18 3 3 25 6 31 18 51 15 13 5 24 31 12 27 9 19 13 28 20 12 
14 84 17 9 23 29 121 135 27 29 23 24 15 22 19 35 17 29 30 29 21 19 56 47 18 41 17 15 0 36 6 35 68 11 22 14 13 28 18 29 22 52 16 24 17 25 32 16 28 14 7 19 30 21 14 
24 63 20 27 14 8 120 134 10 11 14 22 28 16 35 11 19 17 9 7 17 18 85 77 32 70 20 36 35 0 33 40 48 32 32 34 33 24 38 8 32 23 22 37 37 16 6 31 20 28 31 35 8 17 24 
11 78 14 7 21 27 115 129 25 27 21 22 11 19 13 32 15 27 27 27 18 17 55 47 11 40 15 9 6 34 0 29 62 5 16 8 7 24 12 27 16 50 14 18 11 23 30 10 26 8 11 13 27 18 11 
21 53 23 25 20 24 98 112 26 30 23 11 21 23 26 18 19 32 21 22 19 27 82 73 20 67 26 32 33 27 31 0 37 29 15 30 30 9 30 26 15 29 18 22 31 16 23 21 11 25 32 26 22 19 21 
55 17 56 58 49 49 81 99 51 54 50 45 54 52 56 41 52 58 46 48 51 56 112 104 51 97 57 63 67 47 62 39 0 59 46 60 60 42 60 51 46 33 52 53 61 46 45 52 42 58 66 56 48 51 55 
8 76 16 10 18 26 111 125 25 30 21 20 9 20 11 30 12 30 25 24 16 21 55 47 9 40 18 6 11 31 5 27 60 0 14 4 3 22 8 27 14 48 11 14 7 20 27 8 23 5 16 11 25 16 8 
14 62 19 18 20 27 100 114 27 32 23 13 9 22 12 24 15 33 26 26 16 25 68 59 5 53 22 18 22 31 16 14 46 14 0 15 15 8 16 29 1 41 14 9 16 19 27 7 13 13 26 12 26 16 14 
11 77 19 14 22 29 110 124 28 33 24 22 10 23 11 33 15 33 28 28 19 25 53 45 10 38 22 4 14 34 8 28 61 4 15 0 2 23 4 30 15 51 14 11 3 24 31 9 26 9 19 11 28 19 11 
10 77 18 13 20 27 110 124 27 32 23 21 10 22 11 32 14 31 26 26 17 23 53 45 11 38 20 4 13 33 7 28 61 3 16 2 0 23 6 29 16 49 13 13 5 22 29 10 25 7 18 11 26 17 10 
15 59 16 18 15 20 103 117 22 26 18 5 14 18 19 16 13 28 17 19 13 22 75 66 13 60 19 26 27 23 24 16 42 22 8 23 23 0 23 23 8 33 12 15 24 12 19 15 4 19 26 19 19 13 15 
15 77 23 18 25 33 107 121 32 37 28 23 11 27 12 37 19 37 32 31 23 28 55 46 11 40 25 6 18 38 12 28 61 8 16 4 6 23 0 34 16 55 18 9 3 27 34 10 27 13 23 12 32 23 15 
20 66 13 21 9 3 121 134 2 4 7 18 24 8 31 11 15 11 7 5 13 11 81 72 28 66 12 31 28 9 26 39 50 27 28 30 29 24 34 0 28 29 17 33 33 13 7 27 19 23 24 31 6 13 20 
14 62 19 18 20 27 100 114 27 32 23 13 9 22 12 24 15 33 26 26 16 25 68 59 5 53 22 18 22 31 16 14 46 14 1 15 15 8 16 29 0 41 14 9 16 19 27 7 13 13 26 12 26 16 14 
40 49 38 44 31 27 111 124 29 32 31 33 44 33 50 19 35 37 25 26 33 37 101 93 45 86 38 52 52 22 50 38 34 48 40 50 49 32 54 29 40 0 38 47 53 30 23 46 28 44 50 50 26 33 40 
3 71 9 7 12 19 114 128 18 24 15 13 7 14 14 23 6 24 18 18 9 15 64 55 11 49 12 15 15 25 13 27 55 10 15 13 12 15 17 21 15 41 0 19 16 14 21 10 17 7 14 14 18 9 3 
17 68 24 22 24 32 99 113 31 36 28 18 13 27 13 30 20 38 31 30 20 29 62 53 8 47 26 13 23 38 17 21 52 13 8 11 12 15 9 33 8 47 19 0 10 24 34 10 19 16 28 13 31 20 17 
14 77 22 16 24 32 108 122 31 36 27 23 11 26 12 36 18 36 31 30 22 27 53 44 12 38 24 4 17 37 11 29 61 7 16 3 5 24 2 33 16 54 17 9 0 26 33 10 27 11 22 12 31 22 14 
13 61 11 17 4 11 110 124 11 16 7 8 17 7 24 12 8 18 8 9 6 12 74 65 19 59 12 25 25 15 23 27 45 20 20 23 22 12 27 13 20 29 11 25 26 0 11 19 8 17 24 24 10 6 13 
20 61 17 23 11 6 118 130 8 11 11 17 24 13 31 6 15 17 3 5 13 17 81 72 28 66 18 31 32 7 30 35 45 27 27 30 29 19 34 8 27 24 17 34 33 11 0 27 15 24 30 31 5 13 20 
8 68 16 13 18 26 107 121 25 30 21 13 4 20 5 29 12 30 25 24 15 21 61 53 2 46 18 12 16 31 10 19 52 8 7 9 9 14 10 27 7 46 11 11 10 19 27 0 18 7 20 5 25 15 8 
16 58 15 19 11 16 106 120 17 22 14 5 17 14 23 12 11 24 13 15 9 18 77 68 17 62 18 27 28 19 26 20 42 23 13 26 25 5 27 19 13 29 13 20 28 8 15 18 0 20 27 23 15 9 16 
3 74 11 8 13 20 112 126 20 25 16 14 3 15 10 25 7 25 19 19 11 16 60 52 7 45 13 11 12 26 8 24 58 7 12 10 8 17 13 22 12 42 6 16 12 15 22 7 18 0 14 10 19 11 3 
13 83 13 8 19 24 126 140 21 22 18 22 18 17 22 31 15 22 26 24 19 12 62 54 22 47 11 20 8 31 11 39 67 16 26 19 18 27 23 23 26 49 15 29 21 22 28 21 26 16 0 22 25 19 13 
11 66 19 15 21 28 106 120 28 33 24 14 6 23 1 28 15 33 27 27 16 24 65 57 2 50 21 16 19 34 13 17 50 11 6 13 13 12 13 30 6 45 14 10 14 20 30 4 17 10 23 0 27 16 11 
18 62 15 21 9 4 116 129 6 9 8 16 22 10 29 7 13 15 2 2 11 14 79 70 26 64 15 30 29 7 27 34 46 25 26 28 27 18 32 6 26 26 16 31 31 9 4 25 14 22 27 29 0 11 18 
7 66 7 11 6 14 115 129 13 18 9 8 11 8 18 18 3 20 13 12 1 12 68 60 15 53 10 19 19 19 18 28 51 15 16 18 16 13 21 15 16 35 5 21 20 7 15 15 9 11 19 18 13 0 7 
0 72 9 6 11 18 113 127 18 23 14 12 4 13 11 23 5 23 17 17 9 14 61 53 8 46 11 12 14 24 11 25 56 8 13 11 9 16 14 20 13 40 4 17 13 13 20 8 16 4 13 11 17 9 0 