TRIPS: 6
VEHICLES: 19
NRSTATIONS: 52
NRCOMPARTMENTS: 3
CAPACITY: 8000
NRPRODUCTS: 2
VEHICLE SECTION <compartment number> <capacity> <vehicle_id>
2 12 0
2 12 1
1 4 2
2 12 3
1 15 4
2 12 5
1 15 6
1 12 7
2 12 8
1 5 9
2 12 10
2 12 11
2 12 12
2 12 13
2 12 14
2 12 15
1 15 16
2 10 17
2 12 18
DEMANDS SECTION <customer_id> <demand_p1> <demand_p2> ... <demand_NRPRODUCTS>
0 0 0
1 10000 8000
2 23000 18000
3 15000 0
4 49000 0
5 24000 22000
6 8000 11000
7 17000 8000
8 9000 8000
9 7000 5000
10 22000 23000
11 23000 9000
12 9000 10000
13 20000 31000
14 10000 6000
15 12000 0
16 12000 0
17 15000 0
18 25000 12000
19 33000 9000
20 22000 0
21 27000 6000
22 9000 0
23 30000 39000
24 14000 12000
25 22000 10000
26 12000 0
27 9000 0
28 12000 9000
29 12000 11000
30 24000 0
31 33000 18000
32 12000 6000
33 18000 0
34 8000 12000
35 27000 9000
36 7000 6000
37 24000 0
38 22000 24000
39 8000 9000
40 12000 12000
41 12000 9000
42 34000 23000
43 10000 9000
44 10000 10000
45 0 15000
46 15000 0
47 10000 10000
48 10000 10000
49 18000 13000
50 10000 8000
51 40000 18000
52 20000 18000
53 0 0
DISTANCE SECTION (full distance matrix 0=depot 1 2 ... NRSTATION)
0 16 22 11 24 17 15 16 63 73 18 28 8 23 26 23 20 21 17 23 54 21 20 22 11 3 13 9 31 23 12 7 20 12 15 24 21 20 16 27 25 7 10 13 9 23 13 18 24 8 21 22 19 0 
16 0 36 10 12 28 7 31 74 84 31 34 23 37 32 14 21 25 11 28 45 31 33 36 25 18 9 13 29 21 19 13 21 26 10 30 12 18 29 23 22 22 21 27 18 10 28 32 25 19 36 28 33 16 
23 37 0 33 45 12 37 9 61 70 8 23 17 2 22 44 42 40 39 16 76 12 5 10 14 21 35 31 53 45 34 28 29 12 37 20 42 42 9 49 47 17 16 12 28 45 11 8 46 26 13 19 5 23 
10 10 31 0 17 26 8 24 67 77 26 33 17 32 31 16 14 18 10 27 47 29 29 30 19 11 6 4 24 16 10 4 22 20 8 29 14 13 25 20 18 16 17 21 8 17 22 26 18 12 29 27 28 10 
25 14 45 17 0 39 11 39 80 90 41 45 31 46 43 3 21 25 9 39 35 43 43 45 34 25 12 17 23 16 22 18 30 34 12 41 4 13 39 15 15 30 31 36 23 8 36 41 22 26 44 39 42 25 
16 28 10 25 38 0 29 10 64 72 5 17 9 11 16 37 34 32 32 9 69 5 7 13 8 13 27 23 45 37 26 21 19 9 30 13 35 35 4 41 39 10 8 8 21 36 9 10 38 19 15 11 7 16 
15 7 35 7 10 31 0 29 70 80 31 36 21 37 34 10 14 18 4 31 41 34 34 35 24 16 3 7 22 14 12 9 26 25 3 32 8 11 30 17 15 21 23 26 13 13 27 31 18 17 34 30 33 15 
16 31 10 26 38 10 30 0 55 64 7 27 10 10 26 37 35 32 32 20 69 15 9 6 6 14 28 24 46 37 27 21 27 5 30 24 35 35 7 42 40 10 11 5 21 38 3 3 39 19 6 21 7 16 
63 74 61 68 79 63 70 55 0 13 60 80 64 62 79 78 63 59 72 73 102 68 61 51 59 63 68 64 74 72 58 64 80 59 70 76 76 70 60 74 72 64 65 59 59 81 58 56 62 55 51 74 60 63 
66 77 63 72 82 65 74 57 6 0 62 82 66 63 80 81 66 62 75 74 106 69 63 53 62 66 71 68 77 76 61 67 81 61 73 78 79 73 61 77 75 66 67 61 62 84 59 57 66 58 53 75 61 66 
17 31 5 27 39 5 31 6 59 68 0 22 11 7 20 39 36 34 33 14 70 9 3 8 8 15 29 25 47 39 28 22 23 6 31 18 37 36 3 43 41 11 10 6 22 39 5 6 40 20 11 15 2 17 
28 33 23 33 43 17 35 27 80 89 21 0 23 23 6 44 45 46 39 9 76 14 20 29 25 27 36 35 53 45 40 33 21 25 38 8 42 42 21 49 47 24 21 25 35 42 26 27 49 33 32 8 21 28 
7 22 16 17 29 10 21 10 62 71 11 24 0 17 22 28 26 24 23 19 60 14 13 15 4 5 19 15 37 29 18 12 20 5 21 20 26 26 9 33 31 1 3 6 12 29 7 12 30 10 15 17 13 7 
25 38 3 34 47 13 38 10 62 70 10 25 18 0 23 46 43 41 40 18 77 13 6 11 15 22 36 32 54 46 35 30 30 14 38 22 44 43 10 50 48 19 18 14 30 47 12 9 47 28 14 20 7 25 
26 32 22 31 42 15 34 26 79 87 20 6 21 22 0 43 44 45 37 7 74 13 19 28 24 25 35 33 52 44 38 32 19 24 36 5 41 41 20 48 46 22 19 23 34 41 24 26 48 32 30 6 20 26 
23 14 43 16 3 39 10 37 78 88 39 45 29 45 43 0 18 23 7 39 32 42 42 43 32 24 10 15 20 13 20 16 31 33 10 41 2 11 38 12 13 29 31 34 21 10 35 39 20 25 42 39 41 23 
20 21 40 16 20 36 14 34 63 73 36 45 26 42 43 18 0 7 14 39 44 39 39 40 29 21 13 11 17 10 11 13 36 30 14 41 18 8 35 14 12 25 28 31 16 26 31 36 6 20 39 39 37 20 
21 25 38 19 25 33 18 32 59 69 33 47 24 39 45 23 7 0 18 42 49 37 36 37 26 21 17 15 21 16 9 17 39 27 18 43 22 14 32 21 19 23 26 28 14 30 29 34 9 15 34 40 35 21 
17 11 38 10 8 33 4 32 73 83 34 39 24 39 38 7 14 18 0 34 39 37 36 37 27 18 5 10 18 10 15 11 29 27 5 35 5 7 32 13 11 23 25 28 16 13 29 34 17 19 37 34 35 17 
22 28 16 27 37 10 29 20 73 82 14 8 17 17 6 38 39 41 33 0 70 7 13 22 18 21 31 29 47 39 34 27 15 18 32 4 36 36 14 43 41 18 15 18 29 36 19 20 43 27 24 2 14 22 
55 46 75 48 34 71 42 69 102 112 71 76 61 77 75 33 44 49 39 71 0 74 74 75 64 56 42 47 37 38 51 48 63 65 42 73 34 37 70 31 33 61 63 66 53 42 66 71 40 57 74 71 72 55 
21 31 12 30 41 7 33 17 69 78 10 13 14 13 12 42 40 38 36 6 74 0 9 18 15 19 33 29 51 43 32 26 19 15 35 10 40 40 10 47 45 15 14 14 26 40 15 16 44 24 21 8 11 21 
20 33 4 29 42 8 33 9 61 70 4 20 13 5 19 41 38 36 35 13 73 8 0 10 11 17 31 27 49 41 30 25 25 9 33 17 39 38 5 45 43 14 13 9 25 42 8 9 42 23 13 15 3 20 
21 36 11 31 43 13 35 6 51 60 9 29 15 11 28 42 40 36 37 22 74 17 10 0 12 19 33 29 51 43 31 26 29 10 35 26 41 40 9 47 45 15 16 10 25 43 9 5 44 21 3 23 9 21 
11 26 12 21 33 8 25 6 59 68 8 25 5 14 24 32 30 28 27 18 64 13 11 12 0 9 23 19 41 33 22 16 24 2 25 21 31 30 7 37 35 5 7 3 16 33 3 8 34 14 11 19 9 11 
3 18 20 13 25 15 16 13 63 73 15 27 6 21 25 24 21 20 18 21 55 18 18 19 8 0 14 10 32 24 13 8 20 9 16 23 22 21 14 28 26 5 8 10 9 25 11 16 25 7 19 21 17 3 
13 9 34 6 11 29 3 28 69 79 30 35 20 35 33 10 13 17 5 29 42 32 32 33 23 14 0 6 21 13 11 7 25 23 3 31 8 10 28 17 15 19 21 24 12 15 25 30 17 15 33 29 31 13 
9 13 29 6 16 25 7 23 64 74 25 35 15 31 33 15 11 15 10 29 47 28 28 29 18 10 5 0 23 14 6 2 25 19 8 31 13 11 24 18 16 15 18 20 7 19 21 25 15 11 28 29 27 9 
23 20 43 16 15 38 13 37 72 82 39 45 29 44 44 13 10 16 10 40 38 42 41 43 32 24 13 14 0 4 17 16 36 33 13 42 14 3 37 8 6 28 30 34 21 22 34 39 11 24 42 40 40 23 
31 28 51 24 22 46 21 45 74 84 47 53 37 52 52 20 17 21 18 48 36 50 49 51 40 32 21 22 8 0 25 24 44 41 21 50 20 11 45 8 10 36 38 42 29 29 42 47 12 32 50 48 48 31 
13 19 32 11 21 27 12 26 58 68 28 40 18 33 38 20 11 9 15 35 50 31 30 31 21 13 10 6 26 18 0 8 31 22 13 36 18 15 26 21 19 17 20 23 6 24 23 28 16 10 29 34 29 13 
7 13 27 6 18 22 9 21 64 74 23 33 13 28 32 17 14 17 11 28 48 26 25 27 16 8 7 3 25 17 8 0 25 17 9 30 15 14 21 20 18 12 15 18 5 21 18 23 18 8 26 28 24 7 
20 21 28 21 29 19 26 27 80 89 23 22 20 30 19 31 35 38 29 17 62 20 25 29 24 21 25 25 43 35 30 24 0 24 27 16 30 33 21 39 38 21 18 24 27 23 25 27 39 28 32 14 25 20 
12 27 11 22 34 9 25 5 58 66 7 26 6 12 24 33 30 28 28 18 65 13 9 10 2 10 23 19 41 33 23 17 24 0 26 22 31 31 5 37 35 6 8 1 17 34 2 7 35 15 10 19 8 12 
17 10 37 10 9 32 3 31 72 82 33 38 23 38 37 8 15 19 2 33 40 36 35 37 26 18 4 9 21 13 14 10 28 27 0 35 6 9 31 15 13 22 24 28 15 13 28 33 18 18 36 33 34 17 
24 30 20 29 40 14 32 24 77 86 18 8 20 21 5 41 42 43 35 6 72 11 17 26 22 23 33 31 50 42 36 30 16 23 34 0 39 39 18 46 44 20 17 22 32 39 23 24 46 30 29 4 19 24 
21 12 42 14 3 37 8 36 76 86 37 43 28 43 41 2 19 23 5 37 34 41 40 41 30 22 9 14 21 14 18 15 31 31 8 39 0 12 36 13 14 27 29 32 20 10 33 38 21 23 41 37 39 21 
20 17 40 13 13 35 10 34 70 80 36 42 26 41 41 11 9 15 7 37 37 39 38 40 29 21 10 11 12 3 14 13 33 30 10 39 12 0 34 7 5 25 27 31 18 20 31 36 10 21 39 37 37 20 
16 29 9 25 38 4 29 8 62 70 3 21 9 10 20 37 34 32 32 14 69 9 6 11 7 13 27 23 45 37 26 21 20 7 30 17 35 34 0 41 39 10 8 6 21 37 7 8 38 19 13 15 5 16 
26 23 47 20 14 42 17 41 74 84 43 49 33 48 47 12 14 20 13 44 31 46 45 46 35 27 17 17 8 8 21 20 40 36 16 45 13 7 41 0 2 32 34 37 25 21 38 43 12 28 46 43 44 26 
25 22 45 18 14 40 15 39 72 82 41 47 31 46 46 12 12 18 11 42 33 44 43 45 34 25 15 16 10 6 19 18 38 34 15 44 13 5 39 2 0 30 32 36 23 21 36 41 10 26 44 42 42 25 
7 22 16 17 29 11 20 10 63 72 12 25 2 17 23 28 25 23 23 20 60 15 14 16 5 5 18 14 36 28 18 12 21 6 21 20 26 26 10 32 30 0 4 7 12 29 7 12 30 10 15 18 13 7 
10 21 15 18 30 9 22 11 65 73 10 22 3 17 20 30 28 26 25 17 62 13 13 16 7 8 21 17 38 30 21 15 18 8 23 17 28 28 9 34 32 4 0 7 15 29 9 12 32 13 17 14 12 10 
12 26 12 21 34 8 25 7 60 69 7 24 5 13 23 33 30 28 27 17 64 12 9 12 2 9 23 19 41 33 22 17 24 3 25 21 31 30 5 37 35 5 7 0 17 33 4 8 34 15 12 18 9 12 
8 18 27 10 22 22 13 21 59 70 22 36 13 28 34 21 17 15 16 30 53 26 25 26 15 9 11 7 29 21 7 5 27 16 14 32 19 18 21 25 23 12 15 17 0 25 18 23 21 4 23 29 24 8 
23 10 44 17 8 37 13 38 81 91 39 43 30 46 41 10 26 30 13 37 41 40 42 44 33 25 15 20 29 22 24 21 23 34 15 39 9 20 38 21 22 30 29 35 25 0 36 40 29 26 43 37 42 23 
14 28 9 23 36 9 27 3 56 65 6 26 7 11 24 35 32 30 29 18 66 14 8 9 3 11 25 21 43 35 24 19 25 2 27 22 33 32 5 39 37 8 9 3 19 35 0 5 36 16 9 19 7 14 
17 32 10 27 40 11 31 2 54 63 8 28 11 11 27 39 36 34 33 21 70 16 10 5 8 15 29 25 47 39 28 23 28 6 31 25 37 36 8 43 41 11 12 6 22 39 5 0 40 20 5 22 8 17 
24 25 45 20 22 40 18 38 62 72 40 49 31 46 47 20 5 9 17 44 40 43 43 44 33 25 17 15 12 12 15 18 40 34 17 45 20 10 39 12 10 30 32 35 20 29 36 40 0 24 43 43 42 24 
8 19 25 13 26 20 17 18 55 66 20 34 11 26 32 25 19 15 19 29 56 24 23 22 13 8 15 11 33 25 10 8 28 14 17 29 23 22 18 29 27 10 13 15 4 26 15 20 23 0 19 27 22 8 
21 35 14 30 43 16 34 7 50 59 12 32 14 14 31 42 37 34 36 25 73 20 14 4 11 18 32 28 50 42 28 26 32 9 34 29 40 39 12 46 44 15 16 10 23 42 8 8 42 19 0 26 12 21 
22 28 18 27 38 10 30 21 74 82 14 9 16 19 6 38 39 40 33 3 70 9 15 22 18 21 31 29 47 39 34 28 13 19 32 4 36 37 14 43 41 17 14 18 28 36 19 21 43 26 25 0 16 22 
19 32 4 28 41 7 32 8 60 69 3 21 12 6 20 40 37 35 34 14 71 8 2 9 9 16 30 26 48 40 29 24 24 7 32 18 38 37 4 44 42 13 12 7 24 40 7 7 41 21 12 16 0 19 
0 16 22 11 24 17 15 16 63 73 18 28 8 23 26 23 20 21 17 23 54 21 20 22 11 3 13 9 31 23 12 7 20 12 15 24 21 20 16 27 25 7 10 13 9 23 13 18 24 8 21 22 19 0 