nb江东加油站	12700	14500	26000	26000	0
nb西门加油站	12000	0	37000	7500	0
nb彩虹加油站	11800	0	29500	15000	7500
nb南门加油站	23500	0	15000	11000	0
nb新兴加油站	9900	0	21500	13500	0
nb环北加油站	4900	14000	15000	0	7500
nb北郊加油站	2200	0	14100	0	0
nb后孙加油站	16800	0	22000	15000	0
nb江北加油站	5900	0	11000	10500	13500
nb洪塘加油站	15700	0	14000	0	0
nb谢家加油站	13400	0	17500	10500	0
nb莲桥加油站	12300	14100	26000	18000	0
nb柳隘加油站	15400	0	23500	16500	0
nb三官塘加油站	1000	21000	0	7500	0
新达加油站	10300	17500	12000	0	0
nb新马加油站	7400	0	13000	11000	0
城区东部新城加油站	8600	0	22000	22000	0
丽园北路加油站	12200	0	15000	7000	0
nb王家弄加油站	15400	11000	28800	18000	0
nb东钱湖加油站	24700	21000	18000	8000	0
nb狮山加油站	34000	0	17500	7100	0
nb高塘桥加油站	33500	12000	17500	0	0
nb云龙加油站	38600	26000	19500	0	0
nb横溪加油站	45600	9000	13000	0	0
nb下应加油站	26000	12000	18500	0	0
nb梅墟加油站	20800	0	9000	0	0
nb茅山加油站	37000	15000	0	0	0
nb周夹岙加油站	47500	0	6000	7500	0
兴达加油站	31300	11000	32200	28500	0
nb钟公庙加油站	29100	0	21000	17500	0
梅墟（炼）加油站	20800	0	14000	10000	0
股份-五乡加油站	21500	0	16000	0	7500
nb高桥加油站	35000	35000	0	0	0
nb集仕港加油站	26300	21000	28600	7000	0
nb藕池加油站	22700	24500	17500	14000	0
nb朝阳加油站	32500	0	14000	0	0
nb振兴加油站	26600	17700	10500	0	0
nb横街加油站	32700	0	10500	7000	0
nb乌头门加油站	42700	0	12000	5500	0
栎社加油站	27500	0	15000	0	0
nb城南加油站	24900	0	11000	7500	0
中心区（炼）加油站	28700	15000	24500	21000	0
奉化加油站	47700	0	26000	13500	0
溪口第一加油站	54500	13000	18000	10500	0
奉南	52500	0	12000	0	0
溪口第二加油站	52000	0	12000	9000	0
奉化响岭岗站	44700	38000	14000	10500	0
江口	39300	14100	17000	0	0
西坞	53800	11000	0	0	0
舒家	49000	0	7500	7500	0
奉化方桥大家加油站	40100	9000	9000	0	0
新骆加油站	11500	0	28600	10500	0
贵驷加油站	14400	16100	0	0	0
镇海城关加油站	10400	0	15000	11000	0
河头加油站	18200	22000	7500	7500	0
十七房加油站	17800	11000	21000	0	0
庄市加油站	5300	26000	23500	11000	0
金梦加油站	7500	24500	14000	0	0
nb长丰加油站	6500	0	12000	9000	0
大桥加油站	12900	0	15000	0	0
徐王加油站	10900	15000	13000	0	0
镇海俞范加油站	11400	0	11000	0	0
马堰加油站	69100	0	14100	10500	0
慈溪附海加油站	47300	0	12000	9000	0
nb掌起加油站	35200	21000	24000	6000	0
慈溪加油站	51700	21000	24500	17600	0
慈溪城西加油站	66700	0	10600	7000	0
慈溪城东加油站	59100	0	17500	7000	0
附属加油站	30700	0	21000	21000	0
天元加油站	70300	0	10500	0	0
小安加油站	71400	0	12000	0	0
胜山加油站	57100	10000	8000	8000	0
长河加油站	67500	18000	10500	10500	0
周巷	75300	35000	21000	10500	0
观城	42800	0	30000	13000	0
沙滩路加油站	53200	14000	0	0	0
雁门	22800	26000	21000	0	0
慈溪庵宗加油站	66000	35000	21000	10500	0
慈溪东海（炼）加油站	59100	0	10500	7000	0
梅园加油站	72000	21000	0	0	0
马家路加油站	63200	21000	21000	0	0
慈溪天润加油站	76000	0	20000	10000	0
慈溪吉祥加油站	67000	42200	10600	0	0
慈溪西二加油站	75600	14100	0	0	0
孙塘北路加油站	69400	0	24700	17500	0
越溪湖加油站	72200	35000	24500	7100	0
nb平湖加油站	45900	0	14000	0	0
nb湖提加油站	88500	21500	0	0	0
nb泗门加油站	85200	0	17500	7100	0
nb二十六加油站	31200	0	17500	0	0
nb河山加油站	74800	0	14100	0	0
余姚塑料城加油站	57000	42200	28100	14000	0
道口加油站	9200	60000	24500	17500	0
子陵加油站	54100	0	21500	0	0
临山加油站(北)	89300	13500	10600	7000	0
余姚城东加油站	53700	0	21100	21100	0
余姚文山路加油站	54600	0	21000	10500	10500
余丰加油站	60800	18000	13500	0	0
余姚谭家岭加油站	66500	0	44600	29000	0
镆剑山加油站	75000	0	14100	10500	0
北仑新建加油站	24100	0	14000	10500	0
小港加油站	18300	21000	18500	7500	0
新碶加油站	34900	21100	17600	0	0
北仑白峰加油站	49500	0	21000	0	0
柴桥加油站	40800	10600	0	0	0
北仑大矸加油站	38600	15000	0	0	0
城区加油站	33200	0	36000	7000	0
公路段加油站	37700	11000	16000	0	0
戚家山加油站	16600	26000	15000	0	0
北仑盛发站	39800	17700	14000	10500	0
北仑保税西区加油站	34800	18000	0	0	0
大榭（炼）加油站	46800	0	14100	0	10500
算山（炼）加油站	27500	24000	0	0	0
北仑榭西加油站	40700	31600	0	0	0
羊白岭加油站	38600	43500	0	0	0
北仑梅兴加油站	53000	38000	21000	0	0
北仑大港加油站	24300	0	14100	0	0
nb西周加油站	114900	12000	12000	0	0
nb象山加油站	142300	12000	40000	17500	0
象山贤庠加油站	61700	12000	10000	0	0
新桥加油站	165800	0	12000	0	0
东谷湖加油站	142100	0	28300	10500	0
东陈加油站	147400	0	14800	0	0
象山墙头加油站	139100	0	11000	0	0
nb海宁加油站	171200	12000	18500	0	0
丹石加油站	103800	11000	14000	0	0
象山东海（炼）加油站	146600	12000	0	0	0
nb西店加油站	73100	0	21500	0	0
nb紫溪加油站	76500	17500	21100	0	0
宁海城关加油站	93200	0	31000	11000	0
宁海城西加油站	93900	24500	14000	0	0
胜利加油站	91500	12000	30500	10500	0
宁海城东加油站	94500	0	31000	11000	0
宁海南门加油站	97900	0	14000	7100	0
黄坛加油站	987000	0	14100	0	0
长街加油站	122000	0	21100	0	0
宁海力洋东门站	118900	0	21000	0	0
桑洲加油站	117100	14800	0	0	0
大佳河加油站	99100	0	0	14000	0
深圳加油站	95500	0	12000	9000	0
梅岙加油站	104100	0	13500	0	0
宁海力洋站	120000	0	21100	0	0
宁海城北加油站	88400	0	28000	14000	0