TRIPS: 7
VEHICLES: 15
NRSTATIONS: 60
NRCOMPARTMENTS: 4
CAPACITY: 8000
NRPRODUCTS: 3
DEMANDS SECTION <customer_id> <demand_p1> <demand_p2> ... <demand_NRPRODUCTS>
0 0 0 0
1 14500 26000 26000
2 0 37000 7500
3 0 29500 15000
4 0 15000 11000
5 0 21500 13500
6 14000 15000 0
7 0 14100 0
8 0 22000 15000
9 0 11000 10500
10 0 14000 0
11 0 17500 10500
12 14100 26000 18000
13 0 23500 16500
14 21000 0 7500
15 17500 12000 0
16 0 13000 11000
17 0 22000 22000
18 0 15000 7000
19 11000 28800 18000
20 21000 18000 8000
21 0 17500 7100
22 12000 17500 0
23 26000 19500 0
24 9000 13000 0
25 12000 18500 0
26 0 9000 0
27 15000 0 0
28 0 6000 7500
29 11000 32200 28500
30 0 21000 17500
31 0 14000 10000
32 0 16000 0
33 35000 0 0
34 21000 28600 7000
35 24500 17500 14000
36 0 14000 0
37 17700 10500 0
38 0 10500 7000
39 0 12000 5500
40 0 15000 0
41 0 11000 7500
42 15000 24500 21000
43 0 26000 13500
44 13000 18000 10500
45 0 12000 0
46 0 12000 9000
47 38000 14000 10500
48 14100 17000 0
49 11000 0 0
50 0 7500 7500
51 9000 9000 0
52 0 28600 10500
53 16100 0 0
54 0 15000 11000
55 22000 7500 7500
56 11000 21000 0
57 26000 23500 11000
58 24500 14000 0
59 0 12000 9000
60 0 15000 0
61 0 0 0
DISTANCE SECTION (full distance matrix, 0=depot, 1, 2, ..., NRSTATION)
0 12700 12000 11800 23500 9900 4900 2200 16800 5900 15700 13400 12300 15400 1000 10300 7400 8600 12200 15400 24700 34000 33500 38600 45600 26000 20800 37000 47500 31300 29100 20800 21500 35000 26300 22700 32500 26600 32700 42700 27500 24900 28700 47700 54500 52500 52000 44700 39300 53800 49000 40100 11500 14400 10400 18200 17800 5300 7500 6500 12900 0
12700 0 7635 22172 32324 20346 12443 12042 29199 18595 5213 10210 24998 28054 13654 22655 18782 7941 4929 24844 35824 26023 21287 30943 37715 14632 19482 42423 56094 30490 21828 19739 34193 25030 33979 32130 42468 26874 22514 55241 36736 25427 33340 46762 64058 63776 41189 51848 38646 59762 37046 39850 1576 21029 5241 24939 6191 10681 5756 15418 9752 12700
12000 7635 0 17370 25980 21684 14542 12701 25928 17249 12844 2632 23025 25570 12955 22087 19361 12671 2778 19213 30747 22111 27079 26817 45285 14893 26074 47093 49256 23184 17304 26267 31802 32293 37371 26086 44394 33233 29747 51735 39178 17851 25828 53706 66364 58368 47895 44617 31399 64296 37839 46563 6302 24618 2867 18128 13496 13275 9248 11090 2131 12000
11800 22172 17370 0 11824 16956 16360 13914 9604 9524 26389 16847 10001 10681 11468 12791 14328 20283 19280 3833 13656 35489 43432 39298 57359 32061 32318 44643 35714 26373 30552 32274 16184 46311 32846 10908 35558 37493 43920 34513 32130 19919 19341 58404 56913 41604 63056 33240 33336 60280 54624 50715 20645 23652 17745 8726 28136 17082 18410 6754 16680 11800
23500 32324 25980 11824 0 28222 28165 25659 15084 21090 37051 24458 19261 17924 23248 23310 25788 31779 28467 8100 8857 38383 53039 41090 68802 39138 44139 55047 24084 23860 33980 44098 20469 57167 43030 1940 43605 49249 54701 31308 41346 18961 11870 70063 63571 32988 73510 21465 28520 69746 60110 62362 30747 35149 27310 8214 38498 28799 29521 17628 24542 23500
9900 20346 21684 16956 28222 0 7903 9009 16082 7514 21304 23267 10209 13281 9088 5591 2817 13111 21388 20724 26179 43786 38785 48439 45452 34744 18348 28008 50945 40620 38927 18143 17681 37465 16695 26861 22714 21691 35550 39105 17600 34094 36085 42005 44680 52132 54627 49597 48412 44355 57393 34306 19621 7063 19680 25296 23692 9675 14604 14937 22755 9900
4900 12443 14542 16360 28165 7903 0 2738 19755 8376 13785 16515 14410 17738 4935 10949 6591 5605 13806 20078 28602 36557 31596 41323 41465 26887 15992 32888 52045 35643 31823 15971 23373 31694 22830 27251 30300 21702 29537 44953 24814 29367 33588 42804 52128 56048 48861 49476 43741 49937 49489 35213 11747 10212 12204 23097 16127 1800 6704 11397 15962 4900
2200 12042 12701 13914 25659 9009 2738 0 18256 6946 14399 14427 13333 16571 2482 10615 6918 6780 12416 17559 26581 34812 32294 39503 43579 25983 18601 35313 49628 33070 29987 18600 22504 33257 24913 24823 31720 24433 31006 43922 26482 26742 30853 45537 53671 54264 50335 46890 41132 52250 48852 37950 11045 12631 10684 20389 16615 3178 6430 8673 13894 2200
16800 29199 25928 9604 15084 16082 19755 18256 0 11403 32499 25880 5878 3118 15985 10493 14563 25002 27359 10951 10323 45076 50273 48902 60890 40820 34181 40597 35387 35236 40125 34018 6629 51424 28559 13252 28530 37734 49220 26060 26401 28994 25986 57622 48893 36415 68555 35094 41580 54758 63677 49971 27826 23045 25640 16803 34587 21161 24296 14844 25628 16800
5900 18595 17249 9524 21090 7514 8376 6946 11403 0 21334 18160 6431 9628 4941 4974 4810 13621 17861 13339 20388 38745 39218 43158 49748 31701 23574 35467 44440 33619 33766 23472 15633 40020 23932 19887 28384 28198 37821 36980 24039 27048 28571 48975 50311 47677 57156 42552 41234 51581 54738 41276 17397 14133 16052 17783 23522 9759 13248 8057 17733 5900
15700 5213 12844 26389 37051 21304 13785 14399 32499 21334 0 15400 27732 30962 16525 24692 20371 8228 10112 29350 39930 29345 17901 34256 32526 16367 15749 40015 60972 35491 25603 16072 36890 20118 32773 36728 42186 23188 17650 58313 36193 30585 38528 42303 63244 67886 36667 56914 43594 57294 37126 35648 6666 20210 10403 29903 2396 12023 8217 19715 14954 15700
13400 10210 2632 16847 24458 23267 16515 14427 25880 18160 15400 0 23540 25840 14290 23103 20794 15139 5287 18201 29837 20648 28872 25203 47755 15253 28657 49285 47343 20565 15714 28842 32011 34603 39300 24732 45897 35774 32050 51360 40853 15232 23486 56309 67899 57158 49931 42468 28784 66424 37827 49141 8921 26695 5465 16405 15916 15397 11697 11153 568 13400
12300 24998 23025 10001 19261 10209 14410 13333 5878 6431 27732 23540 0 3340 11361 4629 8758 19878 23959 12996 16031 43741 45628 47922 55156 37755 28335 35786 40974 36296 38738 28165 9204 46074 23771 17645 25571 31881 43942 30608 22410 29784 28902 51928 46944 42168 63256 40168 43337 50756 60791 44255 23764 17201 22163 18619 29940 15966 19677 12513 23182 12300
15400 28054 25570 10681 17924 13281 17738 16571 3118 9628 30962 25840 3340 0 14496 7712 12047 23177 26714 12871 13418 45646 48841 49664 58447 40415 31545 37506 38490 36943 40656 31362 6243 49412 25463 16148 25851 34828 47274 27351 23436 30554 28434 54573 46621 38914 66592 38190 43608 51827 63408 46934 26769 20141 24941 18728 33141 19273 22851 14688 25527 15400
1000 13654 12955 11468 23248 9088 4935 2482 15985 4941 16525 14290 11361 14496 0 9300 6510 9197 13196 15154 24115 34914 34364 39493 46062 26999 20927 36440 47180 31861 30001 20907 20565 35660 25605 22375 31610 26523 33385 41822 26675 25418 28855 47604 53614 51841 52702 44540 39813 53160 49999 39977 12475 13933 11395 18257 18661 5658 8360 6679 13799 1000
10300 22655 22087 12791 23310 5591 10949 10615 10493 4974 24692 23103 4629 7712 9300 0 4570 16554 22493 16318 20647 43710 42542 48133 50813 36299 23839 31941 45529 38199 38734 23652 12600 42217 20068 21815 23549 27252 40175 34205 19518 31623 32127 47363 45413 46614 59417 44490 45635 47504 59288 39680 21610 12573 20689 21485 27002 12674 17019 12923 22665 10300
7400 18782 19361 14328 25788 2817 6591 6918 14563 4810 20371 20794 8758 12047 6510 4570 0 12163 19303 18132 24345 41398 38141 45997 46402 32898 19626 30815 48849 37821 36499 19473 17170 37646 19501 24507 25103 23681 35606 38775 20210 31287 33343 44294 47105 50926 54846 47226 45597 47166 55732 36591 17895 9364 17545 22551 22718 8375 13040 12127 20298 7400
8600 7941 12671 20283 31779 13111 5605 6780 25002 13621 8228 15139 19878 23177 9197 16554 12163 0 10960 23728 33292 33614 25992 38501 37080 22548 13818 34807 55856 35500 29172 13946 28929 26477 26042 31116 34651 20697 24230 50475 28845 29657 35558 41495 56144 61035 43562 52659 43722 52119 44632 34169 7820 13087 9854 25675 10600 3919 3443 14204 14574 8600
12200 4929 2778 19280 28467 21388 13806 12416 27359 17861 10112 5287 23959 26714 13196 22493 19303 10960 0 21437 32834 22859 24580 27694 42513 13840 23889 45724 51907 25629 18276 24109 32955 29528 36454 28478 44046 31164 26984 53341 38620 20497 28606 51406 65924 60609 45229 47357 33813 63007 36879 44364 3745 23544 1809 20738 10718 12313 7709 12706 4849 12200
15400 24844 19213 3833 8100 20724 20078 17559 10951 13339 29350 18201 12996 12871 15154 16318 18132 23728 21437 0 11642 35278 45927 38747 60790 33408 36063 48252 32134 24286 30469 36029 17504 49411 36378 7420 38474 41317 46979 33781 35384 18096 15917 62237 59488 39175 65972 29439 30744 63667 55481 54548 23281 27472 20073 5876 30946 20699 21599 9688 18148 15400
24700 35824 30747 13656 8857 26179 28602 26581 10323 20388 39930 29837 16031 13418 24115 20647 24345 33292 32834 11642 0 46158 57088 49221 70067 45051 43882 50627 25075 32617 41517 43755 13439 59664 38637 7122 37275 47870 57325 22827 36018 27378 20640 67928 56081 27968 76555 25290 37353 64091 67003 60267 34301 33215 31357 15399 41747 29716 31824 20409 29771 24700
34000 26023 22111 35489 38383 43786 36557 34812 45076 38745 29345 20648 43741 45646 34914 43710 41398 33614 22859 35278 46158 0 31053 4926 55543 14233 45068 68394 55957 18410 5002 45375 51574 41267 59307 39520 66482 52516 39011 68897 61285 19951 30670 71177 88466 70573 51449 48968 22942 85721 23235 64851 25813 46403 24363 30765 28081 35146 30533 31238 21121 34000
33500 21287 27079 43432 53039 38785 31596 32294 50273 39218 17901 28872 45628 48841 34364 42542 38141 25992 24580 45927 57088 31053 0 35001 24967 17886 26927 51639 76214 44712 29936 27358 54792 11211 47404 53052 57900 32751 9694 76185 51717 41846 51818 45517 77634 85013 21530 71134 51787 67942 25895 41069 22792 36231 25855 45190 15703 29871 26005 36681 28684 33500
38600 30943 26817 39298 41090 48439 41323 39503 48902 43158 34256 25203 47922 49664 39493 48133 45997 38501 27694 38747 49221 4926 35001 0 59750 18874 49986 73294 57005 19214 9516 50295 55468 45521 64112 42379 71099 57433 43338 72043 65985 22204 32313 75986 93099 72590 54791 49677 21982 90617 23405 69718 30711 51234 29157 33860 32955 39947 35388 35480 25700 38600
45600 37715 45285 57359 68802 45452 41465 43579 60890 49748 32526 47755 55156 58447 46062 50813 46402 37080 42513 60790 70067 55543 24967 59750 0 41596 27223 42940 92886 66863 53691 27488 63115 14288 44959 68191 56077 27182 16648 84281 50365 62673 71053 26610 70782 97304 15972 89286 74594 55376 48889 26086 39193 39532 42930 62183 31847 40408 39323 51174 47353 45600
26000 14632 14893 32061 39138 34744 26887 25983 40820 31701 16367 15253 37755 40415 26999 36299 32898 22548 13840 33408 45051 14233 17886 18874 41596 0 31965 56353 60738 26982 12157 32313 46656 27314 48520 39637 57082 39335 24969 66548 51369 24837 35465 57201 78688 72084 39234 54908 33904 73651 23043 51118 15140 35613 15649 30928 14637 25184 20209 25978 15384 26000
20800 19482 26074 32318 44139 18348 15992 18601 34181 23574 15749 28657 28335 31545 20927 23839 19626 13818 23889 36063 43882 45068 26927 49986 27223 31965 0 25158 67914 49185 41169 431 35938 21489 20796 43168 31749 7448 20269 57062 25580 43452 49143 27699 50727 70453 37932 65468 57412 42138 50887 20490 20210 12351 23207 38912 17329 15609 17168 27191 28106 20800
37000 42423 47093 44643 55047 28008 32888 35313 40597 35467 40015 49285 35786 37506 36440 31941 30815 34807 45724 48252 50627 68394 51639 73294 42940 56353 25158 0 75493 68295 63978 24747 37935 44049 12046 53417 17692 18927 43648 53328 15246 61856 63957 23326 27860 71056 57720 75692 76244 17340 76046 18193 42583 22691 44441 53204 41960 33889 38024 42819 48722 37000
47500 56094 49256 35714 24084 50945 52045 49628 35387 44440 60972 47343 40974 38490 47180 45529 48849 55856 51907 32134 25075 55957 76214 57005 92886 60738 67914 75493 0 37809 52671 67842 37648 81080 63581 24805 60996 72530 78586 32989 60594 36596 25581 92893 77247 20036 97136 8064 37062 88067 79109 85210 54522 58008 50946 31183 62285 52792 53588 41711 47545 47500
31300 30490 23184 26373 23860 40620 35643 33070 35236 33619 35491 20565 36296 36943 31861 38199 37821 35500 25629 24286 32617 18410 44712 19214 66863 26982 49185 68295 37809 0 16067 49356 41775 52949 57316 25496 61653 56197 50431 55133 57645 6577 13440 76863 83237 53713 66183 30613 8227 84962 41638 69644 29369 45678 26030 18475 35460 34980 32074 25702 21104 31300
29100 21828 17304 30552 33980 38927 31823 29987 40125 33766 25603 15714 38738 40656 30001 38734 36499 29172 18276 30469 41517 5002 29936 9516 53691 12157 41169 63978 52671 16067 0 41453 46604 39427 54629 35016 61598 48607 37045 64178 56469 16156 27135 67805 83594 66508 51033 46012 22108 81276 26564 61250 21449 41782 19685 26170 24611 30471 25986 26235 16202 29100
20800 19739 26267 32274 44098 18143 15971 18600 34018 23472 16072 28842 28165 31362 20907 23652 19473 13946 24109 36029 43755 45375 27358 50295 27488 32313 431 24747 67842 49356 41453 0 35705 21892 20372 43110 31335 7153 20687 56793 25169 43596 49201 27551 50296 70263 38301 65445 57584 41743 51298 20298 20441 12060 23400 38937 17681 15636 17317 27212 28290 20800
21500 34193 31802 16184 20469 17681 23373 22504 6629 15633 36890 32011 9204 6243 20565 12600 17170 28929 32955 17504 13439 51574 54792 55468 63115 46656 35938 37935 37648 41775 46604 35705 0 54817 26189 18538 23839 38267 52767 21611 22945 35588 31953 56955 43105 35010 72017 38662 47924 50730 69641 49473 32940 23884 31180 23306 39120 25011 28875 20862 31713 21500
35000 25030 32293 46311 57167 37465 31694 33257 51424 40020 20118 34603 46074 49412 35660 42217 37646 26477 29528 49411 59664 41267 11211 45521 14288 27314 21489 44049 81080 52949 39427 21892 54817 0 42120 56811 53194 25366 2556 76418 47047 49110 58087 34862 71232 87497 17199 76852 60542 59360 36688 31175 26590 33060 30246 49961 18867 30266 27901 39735 34261 35000
26300 33979 37371 32846 43030 16695 22830 24913 28559 23932 32773 39300 23771 25463 25605 20068 19501 26042 36454 36378 38637 59307 47404 64112 44959 48520 20796 12046 63581 57316 54629 20372 26189 42120 0 41384 11213 17823 41041 43322 5460 50788 52187 31779 30526 60169 57890 63653 65091 27669 69855 24842 33789 12970 34955 41496 35014 24165 28844 31629 38755 26300
22700 32130 26086 10908 1940 26861 27251 24823 13252 19887 36728 24732 17645 16148 22375 21815 24507 31116 28478 7420 7122 39520 53052 42379 68191 39637 43168 53417 24805 25496 35016 43110 18538 56811 41384 0 41747 48085 54369 29801 39585 20366 13769 68801 61643 32458 73306 22736 30363 67974 60951 61097 30558 33844 27227 8919 38270 27989 29020 17106 24771 22700
32500 42468 44394 35558 43605 22714 30300 31720 28530 28384 42186 45897 25571 25851 31610 23549 25103 34651 44046 38474 37275 66482 57900 71099 56077 57082 31749 17692 60996 61653 61598 31335 23839 53194 11213 41747 0 29009 52016 35940 6197 55088 54256 40605 22004 54223 69096 62483 68878 27071 79227 34455 41973 22004 42367 44183 44532 31937 36896 36434 45399 32500
26600 26874 33233 37493 49249 21691 21702 24433 37734 28198 23188 35774 31881 34828 26523 27252 23681 20697 31164 41317 47870 52516 32751 57433 27182 39335 7448 18927 72530 56197 48607 7153 38267 25366 17823 48085 29009 0 24789 58425 23195 50296 55286 21103 45873 73259 40275 70712 64419 35345 57569 13562 27532 14691 30370 44777 24701 21754 24129 33099 35215 26600
32700 22514 29747 43920 54701 35550 29537 31006 49220 37821 17650 32050 43942 47274 33385 40175 35606 24230 26984 46979 57325 39011 9694 43338 16648 24969 20269 43648 78586 50431 37045 20687 52767 2556 41041 54369 52016 24789 0 74378 45839 46559 55535 35861 70530 85196 19335 74319 58053 59346 35529 31689 24078 31448 27721 47452 16340 28061 25523 37314 31710 32700
42700 55241 51735 34513 31308 39105 44953 43922 26060 36980 58313 51360 30608 27351 41822 34205 38775 50475 53341 33781 22827 68897 76185 72043 84281 66548 57062 53328 32989 55133 64178 56793 21611 76418 43322 29801 35940 58425 74378 0 38490 50163 42370 75099 46615 19202 93616 38290 59004 61437 89105 68082 53882 44758 51652 38193 60481 46558 50182 40681 51184 42700
27500 36736 39178 32130 41346 17600 24814 26482 26401 24039 36193 40853 22410 23436 26675 19518 20210 28845 38620 35384 36018 61285 51717 65985 50365 51369 25580 15246 60594 57645 56469 25169 22945 47047 5460 39585 6197 23195 45839 38490 0 51069 51301 36728 27342 55867 63074 61281 65150 28403 73294 30027 36336 15983 36996 40855 38519 26368 31274 32054 40334 27500
24900 25427 17851 19919 18961 34094 29367 26742 28994 27048 30585 15232 29784 30554 25418 31623 31287 29657 20497 18096 27378 19951 41846 22204 62673 24837 43452 61856 36596 6577 16156 43596 35588 49110 50788 20366 55088 50296 46559 50163 51069 0 11017 71147 76710 50628 63361 30240 14400 78447 42714 63814 24152 39299 20594 12458 30885 28817 26283 19161 15721 24900
28700 33340 25828 19341 11870 36085 33588 30853 25986 28571 38528 23486 28902 28434 28855 32127 33343 35558 28606 15917 20640 30670 51818 32313 71053 35465 49143 63957 25581 13440 27135 49201 31953 58087 52187 13769 54256 55286 55535 42370 51301 11017 0 76390 74873 40323 73184 19449 16755 79572 53657 68799 31862 42420 28125 10792 39324 33610 32538 22204 23827 28700
47700 46762 53706 58404 70063 42005 42804 45537 57622 48975 42303 56309 51928 54573 47604 47363 44294 41495 51406 62237 67928 71177 45517 75986 26610 57201 27699 23326 92893 76863 67805 27551 56955 34862 31779 68801 40605 21103 35861 75099 36728 71147 76390 0 48742 91671 42572 91517 85089 30309 71390 7703 47674 34969 50847 65861 43200 42835 44866 54199 55765 47700
54500 64058 66364 56913 63571 44680 52128 53671 48893 50311 63244 67899 46944 46621 53614 45413 47105 56144 65924 59488 56081 88466 77634 93099 70782 78688 50727 27860 77247 83237 83594 50296 43105 71232 30526 61643 22004 45873 70530 46615 27342 76710 74873 48742 0 65761 85529 80278 90192 21065 100359 45407 63678 43141 64275 65325 65513 53704 58617 58334 67399 54500
52500 63776 58368 41604 32988 52132 56048 54264 36415 47677 67886 57158 42168 38914 51841 46614 50926 61035 60609 39175 27968 70573 85013 72590 97304 72084 70453 71056 20036 53713 66508 70263 35010 87497 60169 32458 54223 73259 85196 19202 55867 50628 40323 91671 65761 0 104472 27679 54915 80375 92922 84310 62244 58747 59205 41196 69715 57326 59748 48358 57172 52500
52000 41189 47895 63056 73510 54627 48861 50335 68555 57156 36667 49931 63256 66592 52702 59417 54846 43562 45229 65972 76555 51449 21530 54791 15972 39234 37932 57720 97136 66183 51033 38301 72017 17199 57890 73306 69096 40275 19335 93616 63074 63361 73184 42572 85529 104472 0 92383 73077 71086 38611 41752 42765 49944 46234 65960 35035 47396 44732 56376 49679 52000
44700 51848 44617 33240 21465 49597 49476 46890 35094 42552 56914 42468 40168 38190 44540 44490 47226 52659 47357 29439 25290 48968 71134 49677 89286 54908 65468 75692 8064 30613 46012 65445 38662 76852 63653 22736 62483 70712 74319 38290 61281 30240 19449 91517 80278 27679 92383 0 29200 89375 72198 83814 50305 56574 46615 27109 57986 49971 50055 38486 42743 44700
39300 38646 31399 33336 28520 48412 43741 41132 41580 41234 43594 28784 43337 43608 39813 45635 45597 43722 33813 30744 37353 22942 51787 21982 74594 33904 57412 76244 37062 8227 22108 57584 47924 60542 65091 30363 68878 64419 58053 59004 65150 14400 16755 85089 90192 54915 73077 29200 0 92760 45372 77871 37557 53699 34250 24879 43461 43133 40298 33479 29326 39300
53800 59762 64296 60280 69746 44355 49937 52250 54758 51581 57294 66424 50756 51827 53160 47504 47166 52119 63007 63667 64091 85721 67942 90617 55376 73651 42138 17340 88067 84962 81276 41743 50730 59360 27669 67974 27071 35345 59346 61437 28403 78447 79572 30309 21065 80375 71086 89375 92760 0 92900 29335 59908 39732 61686 68989 59189 51040 55299 59292 65864 53800
49000 37046 37839 54624 60110 57393 49489 48852 63677 54738 37126 37827 60791 63408 49999 59288 55732 44632 36879 55481 67003 23235 25895 23405 48889 23043 50887 76046 79109 41638 26564 51298 69641 36688 69855 60951 79227 57569 35529 89105 73294 42714 53657 71390 100359 92922 38611 72198 45372 92900 0 66894 37838 57317 38687 52032 34846 47725 42792 48852 38056 49000
40100 39850 46563 50715 62362 34306 35213 37950 49971 41276 35648 49141 44255 46934 39977 39680 36591 34169 44364 54548 60267 64851 41069 69718 26086 51118 20490 18193 85210 69644 61250 20298 49473 31175 24842 61097 34455 13562 31689 68082 30027 63814 68799 7703 45407 84310 41752 83814 77871 29335 66894 0 40662 27267 43696 58231 36770 35313 37577 46597 48588 40100
11500 1576 6302 20645 30747 19621 11747 11045 27826 17397 6666 8921 23764 26769 12475 21610 17895 7820 3745 23281 34301 25813 22792 30711 39193 15140 20210 42583 54522 29369 21449 20441 32940 26590 33789 30558 41973 27532 24078 53882 36336 24152 31862 47674 63678 62244 42765 50305 37557 59908 37838 40662 0 20818 3737 23373 7765 10047 5077 13892 8433 11500
14400 21029 24618 23652 35149 7063 10212 12631 23045 14133 20210 26695 17201 20141 13933 12573 9364 13087 23544 27472 33215 46403 36231 51234 39532 35613 12351 22691 58008 45678 41782 12060 23884 33060 12970 33844 22004 14691 31448 44758 15983 39299 42420 34969 43141 58747 49944 56574 53699 39732 57317 27267 20818 0 22099 31654 22540 11343 15892 20523 26137 14400
10400 5241 2867 17745 27310 19680 12204 10684 25640 16052 10403 5465 22163 24941 11395 20689 17545 9854 1809 20073 31357 24363 25855 29157 42930 15649 23207 44441 50946 26030 19685 23400 31180 30246 34955 27227 42367 30370 27721 51652 36996 20594 28125 50847 64275 59205 46234 46615 34250 61686 38687 43696 3737 22099 0 19767 11380 10790 6464 11091 4928 10400
18200 24939 18128 8726 8214 25296 23097 20389 16803 17783 29903 16405 18619 18728 18257 21485 22551 25675 20738 5876 15399 30765 45190 33860 62183 30928 38912 53204 31183 18475 26170 38937 23306 49961 41496 8919 44183 44777 47452 38193 40855 12458 10792 65861 65325 41196 65960 27109 24879 68989 52032 58231 23373 31654 19767 0 31125 23303 22962 11728 16537 18200
17800 6191 13496 28136 38498 23692 16127 16615 34587 23522 2396 15916 29940 33141 18661 27002 22718 10600 10718 30946 41747 28081 15703 32955 31847 14637 17329 41960 62285 35460 24611 17681 39120 18867 35014 38270 44532 24701 16340 60481 38519 30885 39324 43200 65513 69715 35035 57986 43461 59189 34846 36770 7765 22540 11380 31125 0 14353 10302 21405 15528 17800
5300 10681 13275 17082 28799 9675 1800 3178 21161 9759 12023 15397 15966 19273 5658 12674 8375 3919 12313 20699 29716 35146 29871 39947 40408 25184 15609 33889 52792 34980 30471 15636 25011 30266 24165 27989 31937 21754 28061 46558 26368 28817 33610 42835 53704 57326 47396 49971 43133 51040 47725 35313 10047 11343 10790 23303 14353 0 4976 11584 14834 5300
7500 5756 9248 18410 29521 14604 6704 6430 24296 13248 8217 11697 19677 22851 8360 17019 13040 3443 7709 21599 31824 30533 26005 35388 39323 20209 17168 38024 53588 32074 25986 17317 28875 27901 28844 29020 36896 24129 25523 50182 31274 26283 32538 44866 58617 59748 44732 50055 40298 55299 42792 37577 5077 15892 6464 22962 10302 4976 0 11916 11131 7500
6500 15418 11090 6754 17628 14937 11397 8673 14844 8057 19715 11153 12513 14688 6679 12923 12127 14204 12706 9688 20409 31238 36681 35480 51174 25978 27191 42819 41711 25702 26235 27212 20862 39735 31629 17106 36434 33099 37314 40681 32054 19161 22204 54199 58334 48358 56376 38486 33479 59292 48852 46597 13892 20523 11091 11728 21405 11584 11916 0 10851 6500
12900 9752 2131 16680 24542 22755 15962 13894 25628 17733 14954 568 23182 25527 13799 22665 20298 14574 4849 18148 29771 21121 28684 25700 47353 15384 28106 48722 47545 21104 16202 28290 31713 34261 38755 24771 45399 35215 31710 51184 40334 15721 23827 55765 67399 57172 49679 42743 29326 65864 38056 48588 8433 26137 4928 16537 15528 14834 11131 10851 0 12900
0 12700 12000 11800 23500 9900 4900 2200 16800 5900 15700 13400 12300 15400 1000 10300 7400 8600 12200 15400 24700 34000 33500 38600 45600 26000 20800 37000 47500 31300 29100 20800 21500 35000 26300 22700 32500 26600 32700 42700 27500 24900 28700 47700 54500 52500 52000 44700 39300 53800 49000 40100 11500 14400 10400 18200 17800 5300 7500 6500 12900 0
