TRIPS: 5
VEHICLES: 5
NRSTATIONS: 20
NRCOMPARTMENTS: 4
CAPACITY: 12000
NRPRODUCTS: 2
DEMANDS SECTION <customer_id> <demand_p1> <demand_p2> ... <demand_NRPRODUCTS>
0 0 0
1 14500 26000
2 0 37000
3 0 29500
4 0 15000
5 0 21500
6 14000 15000
7 0 14100
8 0 22000
9 0 11000
10 0 14000
11 0 17500
12 14100 26000
13 0 23500
14 21000 0
15 17500 12000
16 0 13000
17 0 22000
18 0 15000
19 11000 28800
20 21000 18000
21 0 0
DISTANCE SECTION (full distance matrix, 0=depot, 1, 2, ..., NRSTATION)
0 12700 12000 11800 23500 9900 4900 2200 16800 5900 15700 13400 12300 15400 1000 10300 7400 8600 12200 15400 24700 0
12700 0 7635 22172 32324 20346 12443 12042 29199 18595 5213 10210 24998 28054 13654 22655 18782 7941 4929 24844 35824 12700
12000 7635 0 17370 25980 21684 14542 12701 25928 17249 12844 2632 23025 25570 12955 22087 19361 12671 2778 19213 30747 12000
11800 22172 17370 0 11824 16956 16360 13914 9604 9524 26389 16847 10001 10681 11468 12791 14328 20283 19280 3833 13656 11800
23500 32324 25980 11824 0 28222 28165 25659 15084 21090 37051 24458 19261 17924 23248 23310 25788 31779 28467 8100 8857 23500
9900 20346 21684 16956 28222 0 7903 9009 16082 7514 21304 23267 10209 13281 9088 5591 2817 13111 21388 20724 26179 9900
4900 12443 14542 16360 28165 7903 0 2738 19755 8376 13785 16515 14410 17738 4935 10949 6591 5605 13806 20078 28602 4900
2200 12042 12701 13914 25659 9009 2738 0 18256 6946 14399 14427 13333 16571 2482 10615 6918 6780 12416 17559 26581 2200
16800 29199 25928 9604 15084 16082 19755 18256 0 11403 32499 25880 5878 3118 15985 10493 14563 25002 27359 10951 10323 16800
5900 18595 17249 9524 21090 7514 8376 6946 11403 0 21334 18160 6431 9628 4941 4974 4810 13621 17861 13339 20388 5900
15700 5213 12844 26389 37051 21304 13785 14399 32499 21334 0 15400 27732 30962 16525 24692 20371 8228 10112 29350 39930 15700
13400 10210 2632 16847 24458 23267 16515 14427 25880 18160 15400 0 23540 25840 14290 23103 20794 15139 5287 18201 29837 13400
12300 24998 23025 10001 19261 10209 14410 13333 5878 6431 27732 23540 0 3340 11361 4629 8758 19878 23959 12996 16031 12300
15400 28054 25570 10681 17924 13281 17738 16571 3118 9628 30962 25840 3340 0 14496 7712 12047 23177 26714 12871 13418 15400
1000 13654 12955 11468 23248 9088 4935 2482 15985 4941 16525 14290 11361 14496 0 9300 6510 9197 13196 15154 24115 1000
10300 22655 22087 12791 23310 5591 10949 10615 10493 4974 24692 23103 4629 7712 9300 0 4570 16554 22493 16318 20647 10300
7400 18782 19361 14328 25788 2817 6591 6918 14563 4810 20371 20794 8758 12047 6510 4570 0 12163 19303 18132 24345 7400
8600 7941 12671 20283 31779 13111 5605 6780 25002 13621 8228 15139 19878 23177 9197 16554 12163 0 10960 23728 33292 8600
12200 4929 2778 19280 28467 21388 13806 12416 27359 17861 10112 5287 23959 26714 13196 22493 19303 10960 0 21437 32834 12200
15400 24844 19213 3833 8100 20724 20078 17559 10951 13339 29350 18201 12996 12871 15154 16318 18132 23728 21437 0 11642 15400
24700 35824 30747 13656 8857 26179 28602 26581 10323 20388 39930 29837 16031 13418 24115 20647 24345 33292 32834 11642 0 24700
0 12700 12000 11800 23500 9900 4900 2200 16800 5900 15700 13400 12300 15400 1000 10300 7400 8600 12200 15400 24700 0
