TRIPS: 7
VEHICLES: 16
NRSTATIONS: 80
NRCOMPARTMENTS: 4
CAPACITY: 8000
NRPRODUCTS: 2
DEMANDS SECTION <customer_id> <demand_p1> <demand_p2> ... <demand_NRPRODUCTS>
0 0 0
1 14500 26000
2 0 37000
3 0 29500
4 0 15000
5 0 21500
6 14000 15000
7 0 14100
8 0 22000
9 0 11000
10 0 14000
11 0 17500
12 14100 26000
13 0 23500
14 21000 0
15 17500 12000
16 0 13000
17 0 22000
18 0 15000
19 11000 28800
20 21000 18000
21 0 17500
22 12000 17500
23 26000 19500
24 9000 13000
25 12000 18500
26 0 9000
27 15000 0
28 0 6000
29 11000 32200
30 0 21000
31 0 14000
32 0 16000
33 35000 0
34 21000 28600
35 24500 17500
36 0 14000
37 17700 10500
38 0 10500
39 0 12000
40 0 15000
41 0 11000
42 15000 24500
43 0 26000
44 13000 18000
45 0 12000
46 0 12000
47 38000 14000
48 14100 17000
49 11000 0
50 0 7500
51 9000 9000
52 0 28600
53 16100 0
54 0 15000
55 22000 7500
56 11000 21000
57 26000 23500
58 24500 14000
59 0 12000
60 0 15000
61 15000 13000
62 0 11000
63 0 14100
64 0 12000
65 21000 24000
66 21000 24500
67 0 10600
68 0 17500
69 0 21000
70 0 10500
71 0 12000
72 10000 8000
73 18000 10500
74 35000 21000
75 0 30000
76 14000 0
77 26000 21000
78 35000 21000
79 0 10500
80 21000 0
81 0 0
DISTANCE SECTION (full distance matrix, 0=depot, 1, 2, ..., NRSTATION)
0 12700 12000 11800 23500 9900 4900 2200 16800 5900 15700 13400 12300 15400 1000 10300 7400 8600 12200 15400 24700 34000 33500 38600 45600 26000 20800 37000 47500 31300 29100 20800 21500 35000 26300 22700 32500 26600 32700 42700 27500 24900 28700 47700 54500 52500 52000 44700 39300 53800 49000 40100 11500 14400 10400 18200 17800 5300 7500 6500 12900 10900 11400 69100 47300 35200 51700 66700 59100 30700 70300 71400 57100 67500 75300 42800 53200 22800 66000 59100 72000 0
12700 0 7635 22172 32324 20346 12443 12042 29199 18595 5213 10210 24998 28054 13654 22655 18782 7941 4929 24844 35824 26023 21287 30943 37715 14632 19482 42423 56094 30490 21828 19739 34193 25030 33979 32130 42468 26874 22514 55241 36736 25427 33340 46762 64058 63776 41189 51848 38646 59762 37046 39850 1576 21029 5241 24939 6191 10681 5756 15418 9752 16268 22476 57937 45591 46441 62637 54099 51139 18922 78224 79538 52430 66492 73471 38263 50156 23109 55685 52896 72389 12700
12000 7635 0 17370 25980 21684 14542 12701 25928 17249 12844 2632 23025 25570 12955 22087 19361 12671 2778 19213 30747 22111 27079 26817 45285 14893 26074 47093 49256 23184 17304 26267 31802 32293 37371 26086 44394 33233 29747 51735 39178 17851 25828 53706 66364 58368 47895 44617 31399 64296 37839 46563 6302 24618 2867 18128 13496 13275 9248 11090 2131 20100 18158 57320 52701 47181 56962 56554 47343 19730 71067 82890 46667 73542 66714 32325 43699 15526 62546 47943 65089 12000
11800 22172 17370 0 11824 16956 16360 13914 9604 9524 26389 16847 10001 10681 11468 12791 14328 20283 19280 3833 13656 35489 43432 39298 57359 32061 32318 44643 35714 26373 30552 32274 16184 46311 32846 10908 35558 37493 43920 34513 32130 19919 19341 58404 56913 41604 63056 33240 33336 60280 54624 50715 20645 23652 17745 8726 28136 17082 18410 6754 16680 21565 1670 72813 58266 35654 40519 73816 58923 36882 58552 75197 53652 77972 68794 40059 48436 18582 77305 57066 63864 11800
23500 32324 25980 11824 0 28222 28165 25659 15084 21090 37051 24458 19261 17924 23248 23310 25788 31779 28467 8100 8857 38383 53039 41090 68802 39138 44139 55047 24084 23860 33980 44098 20469 57167 43030 1940 43605 49249 54701 31308 41346 18961 11870 70063 63571 32988 73510 21465 28520 69746 60110 62362 30747 35149 27310 8214 38498 28799 29521 17628 24542 33352 12733 75966 70004 41807 31264 80228 58687 43700 46804 82530 50258 89509 61644 38284 43869 19000 87995 55012 55081 23500
9900 20346 21684 16956 28222 0 7903 9009 16082 7514 21304 23267 10209 13281 9088 5591 2817 13111 21388 20724 26179 43786 38785 48439 45452 34744 18348 28008 50945 40620 38927 18143 17681 37465 16695 26861 22714 21691 35550 39105 17600 34094 36085 42005 44680 52132 54627 49597 48412 44355 57393 34306 19621 7063 19680 25296 23692 9675 14604 14937 22755 7371 15661 78106 42154 26103 51955 73968 68956 39219 73862 61506 66863 61306 84384 52604 62719 32134 67691 68986 80339 9900
4900 12443 14542 16360 28165 7903 0 2738 19755 8376 13785 16515 14410 17738 4935 10949 6591 5605 13806 20078 28602 36557 31596 41323 41465 26887 15992 32888 52045 35643 31823 15971 23373 31694 22830 27251 30300 21702 29537 44953 24814 29367 33588 42804 52128 56048 48861 49476 43741 49937 49489 35213 11747 10212 12204 23097 16127 1800 6704 11397 15962 6160 15721 70256 42401 34003 55445 66221 61838 31326 74909 68368 60840 62614 79687 46488 57292 27193 62536 62427 76688 4900
2200 12042 12701 13914 25659 9009 2738 0 18256 6946 14399 14427 13333 16571 2482 10615 6918 6780 12416 17559 26581 34812 32294 39503 43579 25983 18601 35313 49628 33070 29987 18600 22504 33257 24913 24823 31720 24433 31006 43922 26482 26742 30853 45537 53671 54264 50335 46890 41132 52250 48852 37950 11045 12631 10684 20389 16615 3178 6430 8673 13894 8848 13419 69275 45115 34884 53541 66137 60028 30579 72449 70266 58543 65351 77106 44208 54834 24594 64220 60327 73991 2200
16800 29199 25928 9604 15084 16082 19755 18256 0 11403 32499 25880 5878 3118 15985 10493 14563 25002 27359 10951 10323 45076 50273 48902 60890 40820 34181 40597 35387 35236 40125 34018 6629 51424 28559 13252 28530 37734 49220 26060 26401 28994 25986 57622 48893 36415 68555 35094 41580 54758 63677 49971 27826 23045 25640 16803 34587 21161 24296 14844 25628 22904 8213 82292 57973 27225 36025 82427 68446 45658 58170 67665 62549 76481 76164 49272 56922 27890 82291 66308 70090 16800
5900 18595 17249 9524 21090 7514 8376 6946 11403 0 21334 18160 6431 9628 4941 4974 4810 13621 17861 13339 20388 38745 39218 43158 49748 31701 23574 35467 44440 33619 33766 23472 15633 40020 23932 19887 28384 28198 37821 36980 24039 27048 28571 48975 50311 47677 57156 42552 41234 51581 54738 41276 17397 14133 16052 17783 23522 9759 13248 8057 17733 12425 8367 74566 48926 30196 47108 72589 63519 36449 67376 67851 60308 68479 77129 46196 55812 25215 70903 62875 72868 5900
15700 5213 12844 26389 37051 21304 13785 14399 32499 21334 0 15400 27732 30962 16525 24692 20371 8228 10112 29350 39930 29345 17901 34256 32526 16367 15749 40015 60972 35491 25603 16072 36890 20118 32773 36728 42186 23188 17650 58313 36193 30585 38528 42303 63244 67886 36667 56914 43594 57294 37126 35648 6666 20210 10403 29903 2396 12023 8217 19715 14954 15655 26474 58653 40975 46927 66896 52721 53975 19830 83239 77861 56455 61888 78055 42479 54607 28274 50994 56428 77331 15700
13400 10210 2632 16847 24458 23267 16515 14427 25880 18160 15400 0 23540 25840 14290 23103 20794 15139 5287 18201 29837 20648 28872 25203 47755 15253 28657 49285 47343 20565 15714 28842 32011 34603 39300 24732 45897 35774 32050 51360 40853 15232 23486 56309 67899 57158 49931 42468 28784 66424 37827 49141 8921 26695 5465 16405 15916 15397 11697 11153 568 22287 17845 56703 55321 48321 55633 57000 45700 20054 68939 84690 44407 76153 64178 30050 41249 12910 64628 45925 62463 13400
12300 24998 23025 10001 19261 10209 14410 13333 5878 6431 27732 23540 0 3340 11361 4629 8758 19878 23959 12996 16031 43741 45628 47922 55156 37755 28335 35786 40974 36296 38738 28165 9204 46074 23771 17645 25571 31881 43942 30608 22410 29784 28902 51928 46944 42168 63256 40168 43337 50756 60791 44255 23764 17201 22163 18619 29940 15966 19677 12513 23182 17076 8335 80231 52209 25868 41859 78902 68002 42548 63837 65198 63502 70953 78719 49727 58414 28288 76811 66661 73442 12300
15400 28054 25570 10681 17924 13281 17738 16571 3118 9628 30962 25840 3340 0 14496 7712 12047 23177 26714 12871 13418 45646 48841 49664 58447 40415 31545 37506 38490 36943 40656 31362 6243 49412 25463 16148 25851 34828 47274 27351 23436 30554 28434 54573 46621 38914 66592 38190 43608 51827 63408 46934 26769 20141 24941 18728 33141 19273 22851 14688 25527 20322 9070 82510 54962 25124 38677 81776 69503 45235 61250 65219 64259 73382 78550 50737 58862 29262 80150 67747 72759 15400
1000 13654 12955 11468 23248 9088 4935 2482 15985 4941 16525 14290 11361 14496 0 9300 6510 9197 13196 15154 24115 34914 34364 39493 46062 26999 20927 36440 47180 31861 30001 20907 20565 35660 25605 22375 31610 26523 33385 41822 26675 25418 28855 47604 53614 51841 52702 44540 39813 53160 49999 39977 12475 13933 11395 18257 18661 5658 8360 6679 13799 10688 10939 70090 47266 34231 51089 67680 59982 31699 70019 70593 57818 67367 75820 43537 53829 23355 66643 59898 72368 1000
10300 22655 22087 12791 23310 5591 10949 10615 10493 4974 24692 23103 4629 7712 9300 0 4570 16554 22493 16318 20647 43710 42542 48133 50813 36299 23839 31941 45529 38199 38734 23652 12600 42217 20068 21815 23549 27252 40175 34205 19518 31623 32127 47363 45413 46614 59417 44490 45635 47504 59288 39680 21610 12573 20689 21485 27002 12674 17019 12923 22665 12652 11270 79352 47607 25228 46389 76752 68490 40989 68417 63122 65078 66484 81379 51032 60410 29887 72754 67772 76655 10300
7400 18782 19361 14328 25788 2817 6591 6918 14563 4810 20371 20794 8758 12047 6510 4570 0 12163 19303 18132 24345 41398 38141 45997 46402 32898 19626 30815 48849 37821 36499 19473 17170 37646 19501 24507 25103 23681 35606 38775 20210 31287 33343 44294 47105 50926 54846 47226 45597 47166 55732 36591 17895 9364 17545 22551 22718 8375 13040 12127 20298 8342 13116 76191 44325 27975 50588 72756 66491 37476 71787 64141 64140 63729 81567 49905 59935 29340 68210 66358 77545 7400
8600 7941 12671 20283 31779 13111 5605 6780 25002 13621 8228 15139 19878 23177 9197 16554 12163 0 10960 23728 33292 33614 25992 38501 37080 22548 13818 34807 55856 35500 29172 13946 28929 26477 26042 31116 34651 20697 24230 50475 28845 29657 35558 41495 56144 61035 43562 52659 43722 52119 44632 34169 7820 13087 9854 25675 10600 3919 3443 14204 14574 8326 19985 65763 40716 38963 60281 60859 58854 26710 78550 71626 59251 61386 79304 44935 56367 27362 57447 60197 77218 8600
12200 4929 2778 19280 28467 21388 13806 12416 27359 17861 10112 5287 23959 26714 13196 22493 19303 10960 0 21437 32834 22859 24580 27694 42513 13840 23889 45724 51907 25629 18276 24109 32955 29528 36454 28478 44046 31164 26984 53341 38620 20497 28606 51406 65924 60609 45229 47357 33813 63007 36879 44364 3745 23544 1809 20738 10718 12313 7709 12706 4849 18882 19898 56922 50322 47275 59284 55093 48156 18600 73796 82075 48336 71198 68874 34051 45696 18179 59854 49249 67544 12200
15400 24844 19213 3833 8100 20724 20078 17559 10951 13339 29350 18201 12996 12871 15154 16318 18132 23728 21437 0 11642 35278 45927 38747 60790 33408 36063 48252 32134 24286 30469 36029 17504 49411 36378 7420 38474 41317 46979 33781 35384 18096 15917 62237 59488 39175 65972 29439 30744 63667 55481 54548 23281 27472 20073 5876 30946 20699 21599 9688 18148 25382 5086 72895 62092 37975 37867 75074 57840 38161 54901 78008 51598 81803 65792 38383 46031 17139 80344 55418 60475 15400
24700 35824 30747 13656 8857 26179 28602 26581 10323 20388 39930 29837 16031 13418 24115 20647 24345 33292 32834 11642 0 46158 57088 49221 70067 45051 43882 50627 25075 32617 41517 43755 13439 59664 38637 7122 37275 47870 57325 22827 36018 27378 20640 67928 56081 27968 76555 25290 37353 64091 67003 60267 34301 33215 31357 15399 41747 29716 31824 20409 29771 32619 13459 83854 68239 34408 27012 86699 67336 49800 47849 75247 59113 86800 69816 47057 52671 27091 90676 63843 62523 24700
34000 26023 22111 35489 38383 43786 36557 34812 45076 38745 29345 20648 43741 45646 34914 43710 41398 33614 22859 35278 46158 0 31053 4926 55543 14233 45068 68394 55957 18410 5002 45375 51574 41267 59307 39520 66482 52516 39011 68897 61285 19951 30670 71177 88466 70573 51449 48968 22942 85721 23235 64851 25813 46403 24363 30765 28081 35146 30533 31238 21121 41725 36875 37697 69567 68939 68351 43838 25297 14459 73985 104913 27790 90329 51169 15206 27732 19424 65673 27092 53386 34000
33500 21287 27079 43432 53039 38785 31596 32294 50273 39218 17901 28872 45628 48841 34364 42542 38141 25992 24580 45927 57088 31053 0 35001 24967 17886 26927 51639 76214 44712 29936 27358 54792 11211 47404 53052 57900 32751 9694 76185 51717 41846 51818 45517 77634 85013 21530 71134 51787 67942 25895 41069 22792 36231 25855 45190 15703 29871 26005 36681 28684 32282 43763 47666 43234 63515 83793 36708 50641 16624 97592 90127 58228 62799 82155 46248 58785 39823 36274 55868 84182 33500
38600 30943 26817 39298 41090 48439 41323 39503 48902 43158 34256 25203 47922 49664 39493 48133 45997 38501 27694 38747 49221 4926 35001 0 59750 18874 49986 73294 57005 19214 9516 50295 55468 45521 64112 42379 71099 57433 43338 72043 65985 22204 32313 75986 93099 72590 54791 49677 21982 90617 23405 69718 30711 51234 29157 33860 32955 39947 35388 35480 25700 46574 40755 34983 74337 73344 70215 43689 20526 18412 73907 109691 23325 95056 47195 12015 24097 22147 68741 22211 50267 38600
45600 37715 45285 57359 68802 45452 41465 43579 60890 49748 32526 47755 55156 58447 46062 50813 46402 37080 42513 60790 70067 55543 24967 59750 0 41596 27223 42940 92886 66863 53691 27488 63115 14288 44959 68191 56077 27182 16648 84281 50365 62673 71053 26610 70782 97304 15972 89286 74594 55376 48889 26086 39193 39532 42930 62183 31847 40408 39323 51174 47353 38164 56989 69235 23709 63450 96845 52373 75436 41349 115455 78469 83057 39908 106698 70588 83166 60411 23744 80835 107872 45600
26000 14632 14893 32061 39138 34744 26887 25983 40820 31701 16367 15253 37755 40415 26999 36299 32898 22548 13840 33408 45051 14233 17886 18874 41596 0 31965 56353 60738 26982 12157 32313 46656 27314 48520 39637 57082 39335 24969 66548 51369 24837 35465 57201 78688 72084 39234 54908 33904 73651 23043 51118 15140 35613 15649 30928 14637 25184 20209 25978 15384 30859 32970 43369 55496 60822 70399 41756 37782 4838 81147 93963 42024 76186 65166 29020 41592 23067 53883 40980 66480 26000
20800 19482 26074 32318 44139 18348 15992 18601 34181 23574 15749 28657 28335 31545 20927 23839 19626 13818 23889 36063 43882 45068 26927 49986 27223 31965 0 25158 67914 49185 41169 431 35938 21489 20796 43168 31749 7448 20269 57062 25580 43452 49143 27699 50727 70453 37932 65468 57412 42138 50887 20490 20210 12351 23207 38912 17329 15609 17168 27191 28106 11286 31572 72827 26903 38222 70194 63626 69693 34941 90818 63597 71898 47583 92754 57745 69569 41148 50051 72128 90993 20800
37000 42423 47093 44643 55047 28008 32888 35313 40597 35467 40015 49285 35786 37506 36440 31941 30815 34807 45724 48252 50627 68394 51639 73294 42940 56353 25158 0 75493 68295 63978 24747 37935 44049 12046 53417 17692 18927 43648 53328 15246 61856 63957 23326 27860 71056 57720 75692 76244 17340 76046 18193 42583 22691 44441 53204 41960 33889 38024 42819 48722 27003 43183 97979 25327 25414 71966 88070 93562 59755 97783 38506 93688 38202 112251 79331 90148 59791 66374 94966 108335 37000
47500 56094 49256 35714 24084 50945 52045 49628 35387 44440 60972 47343 40974 38490 47180 45529 48849 55856 51907 32134 25075 55957 76214 57005 92886 60738 67914 75493 0 37809 52671 67842 37648 81080 63581 24805 60996 72530 78586 32989 60594 36596 25581 92893 77247 20036 97136 8064 37062 88067 79109 85210 54522 58008 50946 31183 62285 52792 53588 41711 47545 56865 36348 91209 93100 56620 16778 99706 69770 64843 22940 96501 56639 111868 57913 49533 48917 37937 111739 63317 47295 47500
31300 30490 23184 26373 23860 40620 35643 33070 35236 33619 35491 20565 36296 36943 31861 38199 37821 35500 25629 24286 32617 18410 44712 19214 66863 26982 49185 68295 37809 0 16067 49356 41775 52949 57316 25496 61653 56197 50431 55133 57645 6577 13440 76863 83237 53713 66183 30613 8227 84962 41638 69644 29369 45678 26030 18475 35460 34980 32074 25702 21104 41775 28039 53860 75886 62021 51219 62230 34892 29866 55657 101295 27324 96716 44043 14441 22211 8506 80859 31335 41915 31300
29100 21828 17304 30552 33980 38927 31823 29987 40125 33766 25603 15714 38738 40656 30001 38734 36499 29172 18276 30469 41517 5002 29936 9516 53691 12157 41169 63978 52671 16067 0 41453 46604 39427 54629 35016 61598 48607 37045 64178 56469 16156 27135 67805 83594 66508 51033 46012 22108 81276 26564 61250 21449 41782 19685 26170 24611 30471 25986 26235 16202 37151 31917 42426 66334 63962 64398 47093 30042 14050 71587 100188 30872 87196 53266 17172 29656 15250 65543 31076 54323 29100
20800 19739 26267 32274 44098 18143 15971 18600 34018 23472 16072 28842 28165 31362 20907 23652 19473 13946 24109 36029 43755 45375 27358 50295 27488 32313 431 24747 67842 49356 41453 0 35705 21892 20372 43110 31335 7153 20687 56793 25169 43596 49201 27551 50296 70263 38301 65445 57584 41743 51298 20298 20441 12060 23400 38937 17681 15636 17317 27212 28290 11142 31508 73236 26799 37827 70022 64058 70029 35316 90753 63178 72164 47441 92962 57998 69798 41295 50371 72427 91146 20800
21500 34193 31802 16184 20469 17681 23373 22504 6629 15633 36890 32011 9204 6243 20565 12600 17170 28929 32955 17504 13439 51574 54792 55468 63115 46656 35938 37935 37648 41775 46604 35705 0 54817 26189 18538 23839 38267 52767 21611 22945 35588 31953 56955 43105 35010 72017 38662 47924 50730 69641 49473 32940 23884 31180 23306 39120 25011 28875 20862 31713 25034 14715 88624 57641 21341 35226 88005 75071 51477 59855 62120 69063 75092 82058 55873 63308 34515 85307 72910 75465 21500
35000 25030 32293 46311 57167 37465 31694 33257 51424 40020 20118 34603 46074 49412 35660 42217 37646 26477 29528 49411 59664 41267 11211 45521 14288 27314 21489 44049 81080 52949 39427 21892 54817 0 42120 56811 53194 25366 2556 76418 47047 49110 58087 34862 71232 87497 17199 76852 60542 59360 36688 31175 26590 33060 30246 49961 18867 30266 27901 39735 34261 30197 46239 58097 32427 59697 86677 44518 61817 27154 103251 82084 68844 51643 92413 56300 68878 46903 31012 66828 93669 35000
26300 33979 37371 32846 43030 16695 22830 24913 28559 23932 32773 39300 23771 25463 25605 20068 19501 26042 36454 36378 38637 59307 47404 64112 44959 48520 20796 12046 63581 57316 54629 20372 26189 42120 0 41384 11213 17823 41041 43322 5460 50788 52187 31779 30526 60169 57890 63653 65091 27669 69855 24842 33789 12970 34955 41496 35014 24165 28844 31629 38755 17724 31339 91420 32990 18515 60839 84065 84605 52465 86011 45632 83398 49036 101040 69087 79396 48826 68666 85225 96683 26300
22700 32130 26086 10908 1940 26861 27251 24823 13252 19887 36728 24732 17645 16148 22375 21815 24507 31116 28478 7420 7122 39520 53052 42379 68191 39637 43168 53417 24805 25496 35016 43110 18538 56811 41384 0 41747 48085 54369 29801 39585 20366 13769 68801 61643 32458 73306 22736 30363 67974 60951 61097 30558 33844 27227 8919 38270 27989 29020 17106 24771 32248 11611 77170 68806 39878 30905 80948 60248 44267 47660 80615 52062 88167 63584 39935 45732 20236 87719 56726 56984 22700
32500 42468 44394 35558 43605 22714 30300 31720 28530 28384 42186 45897 25571 25851 31610 23549 25103 34651 44046 38474 37275 66482 57900 71099 56077 57082 31749 17692 60996 61653 61598 31335 23839 53194 11213 41747 0 29009 52016 35940 6197 55088 54256 40605 22004 54223 69096 62483 68878 27071 79227 34455 41973 22004 42367 44183 44532 31937 36896 36434 45399 26550 33899 100399 42282 7876 55427 94378 91593 61354 82462 39657 88625 55741 104263 74571 83847 53411 79808 91250 98598 32500
26600 26874 33233 37493 49249 21691 21702 24433 37734 28198 23188 35774 31881 34828 26523 27252 23681 20697 31164 41317 47870 52516 32751 57433 27182 39335 7448 18927 72530 56197 48607 7153 38267 25366 17823 48085 29009 0 24789 58425 23195 50296 55286 21103 45873 73259 40275 70712 64419 35345 57569 13562 27532 14691 30370 44777 24701 21754 24129 33099 35215 15942 36519 79559 20778 36277 73315 69146 77094 42157 95467 57379 79304 40944 99947 65120 76859 48018 50856 79576 97860 26600
32700 22514 29747 43920 54701 35550 29537 31006 49220 37821 17650 32050 43942 47274 33385 40175 35606 24230 26984 46979 57325 39011 9694 43338 16648 24969 20269 43648 78586 50431 37045 20687 52767 2556 41041 54369 52016 24789 0 74378 45839 46559 55535 35861 70530 85196 19335 74319 58053 59346 35529 31689 24078 31448 27721 47452 16340 28061 25523 37314 31710 28357 43883 57168 33547 58336 84336 44526 60005 25038 100725 81903 66663 53170 90118 53984 66559 44350 33385 64805 91238 32700
42700 55241 51735 34513 31308 39105 44953 43922 26060 36980 58313 51360 30608 27351 41822 34205 38775 50475 53341 33781 22827 68897 76185 72043 84281 66548 57062 53328 32989 55133 64178 56793 21611 76418 43322 29801 35940 58425 74378 0 38490 50163 42370 75099 46615 19202 93616 38290 59004 61437 89105 68082 53882 44758 51652 38193 60481 46558 50182 40681 51184 46474 33584 106585 76271 29113 21236 108283 89994 71378 50202 65391 80833 91530 88334 69514 73923 49918 106794 86046 79081 42700
27500 36736 39178 32130 41346 17600 24814 26482 26401 24039 36193 40853 22410 23436 26675 19518 20210 28845 38620 35384 36018 61285 51717 65985 50365 51369 25580 15246 60594 57645 56469 25169 22945 47047 5460 39585 6197 23195 45839 38490 0 51069 51301 36728 27342 55867 63074 61281 65150 28403 73294 30027 36336 15983 36996 40855 38519 26368 31274 32054 40334 20625 30522 94598 38102 13085 56730 88228 86510 55546 82685 43931 84284 53253 100877 70089 79847 49255 74051 86566 95851 27500
24900 25427 17851 19919 18961 34094 29367 26742 28994 27048 30585 15232 29784 30554 25418 31623 31287 29657 20497 18096 27378 19951 41846 22204 62673 24837 43452 61856 36596 6577 16156 43596 35588 49110 50788 20366 55088 50296 46559 50163 51069 0 11017 71147 76710 50628 63361 30240 14400 78447 42714 63814 24152 39299 20594 12458 30885 28817 26283 19161 15721 35523 21577 57171 70299 55570 48403 63248 40039 28534 56329 94724 33735 91035 50403 20287 28787 2326 78115 37323 47567 24900
28700 33340 25828 19341 11870 36085 33588 30853 25986 28571 38528 23486 28902 28434 28855 32127 33343 35558 28606 15917 20640 30670 51818 32313 71053 35465 49143 63957 25581 13440 27135 49201 31953 58087 52187 13769 54256 55286 55535 42370 51301 11017 0 76390 74873 40323 73184 19449 16755 79572 53657 68799 31862 42420 28125 10792 39324 33610 32538 22204 23827 39544 20867 67191 75919 53164 37903 74221 48091 39388 45811 93628 38583 96199 50179 27379 32031 12437 87927 43683 44561 28700
47700 46762 53706 58404 70063 42005 42804 45537 57622 48975 42303 56309 51928 54573 47604 47363 44294 41495 51406 62237 67928 71177 45517 75986 26610 57201 27699 23326 92893 76863 67805 27551 56955 34862 31779 68801 40605 21103 35861 75099 36728 71147 76390 0 48742 91671 42572 91517 85089 30309 71390 7703 47674 34969 50847 65861 43200 42835 44866 54199 55765 36962 57341 92953 2966 48462 92127 78238 94582 58975 115765 53013 98675 19894 120234 84780 96876 68846 47315 98167 118692 47700
54500 64058 66364 56913 63571 44680 52128 53671 48893 50311 63244 67899 46944 46621 53614 45413 47105 56144 65924 59488 56081 88466 77634 93099 70782 78688 50727 27860 77247 83237 83594 50296 43105 71232 30526 61643 22004 45873 70530 46615 27342 76710 74873 48742 0 65761 85529 80278 90192 21065 100359 45407 63678 43141 64275 65325 65513 53704 58617 58334 67399 47863 55242 121832 51315 21764 67840 114342 113597 82802 96641 19293 110380 57088 125052 96426 105350 75131 94096 113183 118531 54500
52500 63776 58368 41604 32988 52132 56048 54264 36415 47677 67886 57158 42168 38914 51841 46614 50926 61035 60609 39175 27968 70573 85013 72590 97304 72084 70453 71056 20036 53713 66508 70263 35010 87497 60169 32458 54223 73259 85196 19202 55867 50628 40323 91671 65761 0 104472 27679 54915 80375 92922 84310 62244 58747 59205 41196 69715 57326 59748 48358 57172 59234 41414 107512 92509 47918 3313 113168 87661 76680 31683 84377 75667 109101 77920 66979 68084 51264 118483 81974 67033 52500
52000 41189 47895 63056 73510 54627 48861 50335 68555 57156 36667 49931 63256 66592 52702 59417 54846 43562 45229 65972 76555 51449 21530 54791 15972 39234 37932 57720 97136 66183 51033 38301 72017 17199 57890 73306 69096 40275 19335 93616 63074 63361 73184 42572 85529 104472 0 92383 73077 71086 38611 41752 42765 49944 46234 65960 35035 47396 44732 56376 49679 47323 63097 56721 39658 75989 103548 37654 67083 37145 118858 94182 77319 54455 101775 66565 78886 61315 14757 73809 104834 52000
44700 51848 44617 33240 21465 49597 49476 46890 35094 42552 56914 42468 40168 38190 44540 44490 47226 52659 47357 29439 25290 48968 71134 49677 89286 54908 65468 75692 8064 30613 46012 65445 38662 76852 63653 22736 62483 70712 74319 38290 61281 30240 19449 91517 80278 27679 92383 0 29200 89375 72198 83814 50305 56574 46615 27109 57986 49971 50055 38486 42743 54801 34199 83534 91469 59002 24509 92805 61800 58763 26474 99567 48576 110903 50759 41706 40858 31851 107093 55262 40841 44700
39300 38646 31399 33336 28520 48412 43741 41132 41580 41234 43594 28784 43337 43608 39813 45635 45597 43722 33813 30744 37353 22942 51787 21982 74594 33904 57412 76244 37062 8227 22108 57584 47924 60542 65091 30363 68878 64419 58053 59004 65150 14400 16755 85089 90192 54915 73077 29200 0 92760 45372 77871 37557 53699 34250 24879 43461 43133 40298 33479 29326 49889 35003 54454 84100 68719 52116 65644 32823 36152 52096 108528 21843 104938 36008 12514 15409 16549 87635 27303 33744 39300
53800 59762 64296 60280 69746 44355 49937 52250 54758 51581 57294 66424 50756 51827 53160 47504 47166 52119 63007 63667 64091 85721 67942 90617 55376 73651 42138 17340 88067 84962 81276 41743 50730 59360 27669 67974 27071 35345 59346 61437 28403 78447 79572 30309 21065 80375 71086 89375 92760 0 92900 29335 59908 39732 61686 68989 59189 51040 55299 59292 65864 44199 58716 114882 33177 32468 81870 103843 110901 76966 109423 23099 110774 36055 128705 96425 106990 76464 77446 112220 124131 53800
49000 37046 37839 54624 60110 57393 49489 48852 63677 54738 37126 37827 60791 63408 49999 59288 55732 44632 36879 55481 67003 23235 25895 23405 48889 23043 50887 76046 79109 41638 26564 51298 69641 36688 69855 60951 79227 57569 35529 89105 73294 42714 53657 71390 100359 92922 38611 72198 45372 92900 0 66894 37838 57317 38687 52032 34846 47725 42792 48852 38056 52685 55670 21994 69056 83484 90891 20609 28903 18300 97092 114431 41541 88181 66063 34734 45217 41765 50472 36612 71629 49000
40100 39850 46563 50715 62362 34306 35213 37950 49971 41276 35648 49141 44255 46934 39977 39680 36591 34169 44364 54548 60267 64851 41069 69718 26086 51118 20490 18193 85210 69644 61250 20298 49473 31175 24842 61097 34455 13562 31689 68082 30027 63814 68799 7703 45407 84310 41752 83814 77871 29335 66894 0 40662 27267 43696 58231 36770 35313 37577 46597 48588 29313 49643 88735 8211 42323 84687 75522 88790 53290 108092 52433 92101 27401 113238 78060 90002 61527 48806 91930 111381 40100
11500 1576 6302 20645 30747 19621 11747 11045 27826 17397 6666 8921 23764 26769 12475 21610 17895 7820 3745 23281 34301 25813 22792 30711 39193 15140 20210 42583 54522 29369 21449 20441 32940 26590 33789 30558 41973 27532 24078 53882 36336 24152 31862 47674 63678 62244 42765 50305 37557 59908 37838 40662 0 20818 3737 23373 7765 10047 5077 13892 8433 16071 20983 58509 46577 45719 61088 55205 51036 19607 76669 79405 51839 67457 72586 37603 49359 21828 57261 52518 71285 11500
14400 21029 24618 23652 35149 7063 10212 12631 23045 14133 20210 26695 17201 20141 13933 12573 9364 13087 23544 27472 33215 46403 36231 51234 39532 35613 12351 22691 58008 45678 41782 12060 23884 33060 12970 33844 22004 14691 31448 44758 15983 39299 42420 34969 43141 58747 49944 56574 53699 39732 57317 27267 20818 0 22099 31654 22540 11343 15892 20523 26137 4761 22477 78693 35091 27285 58706 72470 71698 39663 80925 58593 71051 54365 89695 56698 67459 37187 62373 72560 86273 14400
10400 5241 2867 17745 27310 19680 12204 10684 25640 16052 10403 5465 22163 24941 11395 20689 17545 9854 1809 20073 31357 24363 25855 29157 42930 15649 23207 44441 50946 26030 19685 23400 31180 30246 34955 27227 42367 30370 27721 51652 36996 20594 28125 50847 64275 59205 46234 46615 34250 61686 38687 43696 3737 22099 0 19767 11380 10790 6464 11091 4928 17498 18289 58709 49857 45510 57941 56847 49656 20405 73005 80549 49415 70688 69579 35088 46540 18267 60796 50534 67923 10400
18200 24939 18128 8726 8214 25296 23097 20389 16803 17783 29903 16405 18619 18728 18257 21485 22551 25675 20738 5876 15399 30765 45190 33860 62183 30928 38912 53204 31183 18475 26170 38937 23306 49961 41496 8919 44183 44777 47452 38193 40855 12458 10792 65861 65325 41196 65960 27109 24879 68989 52032 58231 23373 31654 19767 0 31125 23303 22962 11728 16537 28923 10339 68458 65498 43845 39470 72064 52442 35486 53341 83775 45759 85613 60102 32692 40155 11811 80555 49710 55187 18200
17800 6191 13496 28136 38498 23692 16127 16615 34587 23522 2396 15916 29940 33141 18661 27002 22718 10600 10718 30946 41747 28081 15703 32955 31847 14637 17329 41960 62285 35460 24611 17681 39120 18867 35014 38270 44532 24701 16340 60481 38519 30885 39324 43200 65513 69715 35035 57986 43461 59189 34846 36770 7765 22540 11380 31125 0 14353 10302 21405 15528 18021 28317 56454 41732 49318 68652 50324 52396 17796 84385 79956 55475 62613 77469 41665 53938 28603 49500 55165 77141 17800
5300 10681 13275 17082 28799 9675 1800 3178 21161 9759 12023 15397 15966 19273 5658 12674 8375 3919 12313 20699 29716 35146 29871 39947 40408 25184 15609 33889 52792 34980 30471 15636 25011 30266 24165 27989 31937 21754 28061 46558 26368 28817 33610 42835 53704 57326 47396 49971 43133 51040 47725 35313 10047 11343 10790 23303 14353 0 4976 11584 14834 6903 16597 68550 42309 35760 56647 64421 60442 29587 75599 69769 59799 62697 79003 45442 56434 26596 61182 61218 76283 5300
7500 5756 9248 18410 29521 14604 6704 6430 24296 13248 8217 11697 19677 22851 8360 17019 13040 3443 7709 21599 31824 30533 26005 35388 39323 20209 17168 38024 53588 32074 25986 17317 28875 27901 28844 29020 36896 24129 25523 50182 31274 26283 32538 44866 58617 59748 44732 50055 40298 55299 42792 37577 5077 15892 6464 22962 10302 4976 0 11916 11131 11191 18369 63574 44033 40707 58826 59758 55819 24622 76135 74477 55879 64752 75860 41550 52933 23980 58903 56942 73829 7500
6500 15418 11090 6754 17628 14937 11397 8673 14844 8057 19715 11153 12513 14688 6679 12923 12127 14204 12706 9688 20409 31238 36681 35480 51174 25978 27191 42819 41711 25702 26235 27212 20862 39735 31629 17106 36434 33099 37314 40681 32054 19161 22204 54199 58334 48358 56376 38486 33479 59292 48852 46597 13892 20523 11091 11728 21405 11584 11916 0 10851 17352 7199 67832 53789 37943 47248 67632 55701 30816 64352 75903 52255 73996 69465 38140 47850 17240 70692 54848 65751 6500
12900 9752 2131 16680 24542 22755 15962 13894 25628 17733 14954 568 23182 25527 13799 22665 20298 14574 4849 18148 29771 21121 28684 25700 47353 15384 28106 48722 47545 21104 16202 28290 31713 34261 38755 24771 45399 35215 31710 51184 40334 15721 23827 55765 67399 57172 49679 42743 29326 65864 38056 48588 8433 26137 4928 16537 15528 14834 11131 10851 0 21722 17636 57050 54785 47873 55676 57140 46205 20201 69210 84159 44972 75612 64740 30615 41817 13396 64363 46473 62994 12900
10900 16268 20100 21565 33352 7371 6160 8848 22904 12425 15655 22287 17076 20322 10688 12652 8342 8326 18882 25382 32619 41725 32282 46574 38164 30859 11286 27003 56865 41775 37151 11142 25034 30197 17724 32248 26550 15942 28357 46474 20625 35523 39544 36962 47863 59234 47323 54801 49889 44199 52685 29313 16071 4761 17498 28923 18021 6903 11191 17352 21722 0 20644 73986 36721 31395 58926 68194 67010 34942 79799 63334 66693 56690 85816 52336 63325 33340 60320 68024 82839 10900
11400 22476 18158 1670 12733 15661 15721 13419 8213 8367 26474 17845 8335 9070 10939 11270 13116 19985 19898 5086 13459 36875 43763 40755 56989 32970 31572 43183 36348 28039 31917 31508 14715 46239 31339 11611 33899 36519 43883 33584 30522 21577 20867 57341 55242 41414 63097 34199 35003 58716 55670 49643 20983 22477 18289 10339 28317 16597 18369 7199 17636 20644 0 74089 57270 33993 40456 74699 60468 37803 59246 73533 55311 76838 70431 41692 50107 20212 77251 58691 65416 11400
69100 57937 57320 72813 75966 78106 70256 69275 82292 74566 58653 56703 80231 82510 70090 79352 76191 65763 56922 72895 83854 37697 47666 34983 69235 43369 72827 97979 91209 53860 42426 73236 88624 58097 91420 77170 100399 79559 57168 106585 94598 57171 67191 92953 121832 107512 56721 83534 54454 114882 21994 88735 58509 78693 58709 68458 56454 68550 63574 67832 57050 73986 74089 0 90519 104156 105071 22999 24689 39053 105849 136298 41135 109033 62470 41982 47685 56966 65756 33908 71492 69100
47300 45591 52701 58266 70004 42154 42401 45115 57973 48926 40975 55321 52209 54962 47266 47607 44325 40716 50322 62092 68239 69567 43234 74337 23709 55496 26903 25327 93100 75886 66334 26799 57641 32427 32990 68806 42282 20778 33547 76271 38102 70299 75919 2966 51315 92509 39658 91469 84100 33177 69056 8211 46577 35091 49857 65498 41732 42309 44033 53789 54785 36721 57270 90519 0 50157 92864 75504 92679 57083 116013 55941 97174 20914 119017 83388 95581 67985 44376 96476 117776 47300
35200 46441 47181 35654 41807 26103 34003 34884 27225 30196 46927 48321 25868 25124 34231 25228 27975 38963 47275 37975 34408 68939 63515 73344 63450 60822 38222 25414 56620 62021 63962 37827 21341 59697 18515 39878 7876 36277 58336 29113 13085 55570 53164 48462 21764 47918 75989 59002 68719 32468 83484 42323 45719 27285 45510 43845 49318 35760 40707 37943 47873 31395 33993 104156 50157 0 49409 99586 93642 65322 77260 40842 89304 63205 103331 75595 83986 54141 87130 92526 96783 35200
51700 62637 56962 40519 31264 51955 55445 53541 36025 47108 66896 55633 41859 38677 51089 46389 50588 60281 59284 37867 27012 68351 83793 70215 96845 70399 70194 71966 16778 51219 64398 70022 35226 86677 60839 30905 55427 73315 84336 21236 56730 48403 37903 92127 67840 3313 103548 24509 52116 81870 90891 84687 61088 58706 57941 39470 68652 56647 58826 47248 55676 58926 40456 105071 92864 49409 0 111231 84910 74933 29087 86614 72686 109860 74632 64278 65069 49150 117688 79072 63720 51700
66700 54099 56554 73816 80228 73968 66221 66137 82427 72589 52721 57000 78902 81776 67680 76752 72756 60859 55093 75074 86699 43838 36708 43689 52373 41756 63626 88070 99706 62230 47093 64058 88005 44518 84065 80948 94378 69146 44526 108283 88228 63248 74221 78238 114342 113168 37654 92805 65644 103843 20609 75522 55205 72470 56847 72064 50324 64421 59758 67632 57140 68194 74699 22999 75504 99586 111231 0 43353 36946 117570 126421 58642 91965 82198 54390 63625 62209 44083 52394 89470 66700
59100 51139 47343 58923 58687 68956 61838 60028 68446 63519 53975 45700 68002 69503 59982 68490 66491 58854 48156 57840 67336 25297 50641 20526 75436 37782 69693 93562 69770 34892 30042 70029 75071 61817 84605 60248 91593 77094 60005 89994 86510 40039 48091 94582 113597 87661 67083 61800 32823 110901 28903 88790 51036 71698 49656 52442 52396 60442 55819 55701 46205 67010 60468 24689 92679 93642 84910 43353 0 35607 82295 130204 16450 112993 38857 20752 23287 40711 79367 9298 46961 59100
30700 18922 19730 36882 43700 39219 31326 30579 45658 36449 19830 20054 42548 45235 31699 40989 37476 26710 18600 38161 49800 14459 16624 18412 41349 4838 34941 59755 64843 29866 14050 35316 51477 27154 52465 44267 61354 42157 25038 71378 55546 28534 39388 58975 82802 76680 37145 58763 36152 76966 18300 53290 19607 39663 20405 35486 17796 29587 24622 30816 20201 34942 37803 39053 57083 65322 74933 36946 35607 0 84820 97691 41708 77507 65531 29666 42177 26952 51554 39809 67772 30700
70300 78224 71067 58552 46804 73862 74909 72449 58170 67376 83239 68939 63837 61250 70019 68417 71787 78550 73796 54901 47849 73985 97592 73907 115455 81147 90818 97783 22940 55657 71587 90753 59855 103251 86011 47660 82462 95467 100725 50202 82685 56329 45811 115765 96641 31683 118858 26474 52096 109423 97092 108092 76669 80925 73005 53341 84385 75599 76135 64352 69210 79799 59246 105849 116013 77260 29087 117570 82295 84820 0 115570 66864 134608 59117 64154 59265 58093 133567 74270 46310 70300
71400 79538 82890 75197 82530 61506 68368 70266 67665 67851 77861 84690 65198 65219 70593 63122 64141 71626 82075 78008 75247 104913 90127 109691 78469 93963 63597 38506 96501 101295 100188 63178 62120 82084 45632 80615 39657 57379 81903 65391 43931 94724 93628 53013 19293 84377 94182 99567 108528 23099 114431 52433 79405 58593 80549 83775 79956 69769 74477 75903 84159 63334 73533 136298 55941 40842 86614 126421 130204 97691 115570 0 128158 54382 143769 114004 123496 93008 100315 130492 137584 71400
57100 52430 46667 53652 50258 66863 60840 58543 62549 60308 56455 44407 63502 64259 57818 65078 64140 59251 48336 51598 59113 27790 58228 23325 83057 42024 71898 93688 56639 27324 30872 72164 69063 68844 83398 52062 88625 79304 66663 80833 84284 33735 38583 98675 110380 75667 77319 48576 21843 110774 41541 92101 51839 71051 49415 45759 55475 59799 55879 52255 44972 66693 55311 41135 97174 89304 72686 58642 16450 41708 66864 128158 0 118005 24632 14357 7793 35248 90742 7500 30868 57100
67500 66492 73542 77972 89509 61306 62614 65351 76481 68479 61888 76153 70953 73382 67367 66484 63729 61386 71198 81803 86800 90329 62799 95056 39908 76186 47583 38202 111868 96716 87196 47441 75092 51643 49036 88167 55741 40944 53170 91530 53253 91035 96199 19894 57088 109101 54455 110903 104938 36055 88181 27401 67457 54365 70688 85613 62613 62697 64752 73996 75612 56690 76838 109033 20914 63205 109860 91965 112993 77507 134608 54382 118005 0 139931 104278 116492 88731 54011 117125 138570 67500
75300 73471 66714 68794 61644 84384 79687 77106 76164 77129 78055 64178 78719 78550 75820 81379 81567 79304 68874 65792 69816 51169 82155 47195 106698 65166 92754 112251 57913 44043 53266 92962 82058 92413 101040 63584 104263 99947 90118 88334 100877 50403 50179 120234 125052 77920 101775 50759 36008 128705 66063 113238 72586 89695 69579 60102 77469 79003 75860 69465 64740 85816 70431 62470 119017 103331 74632 82198 38857 65531 59117 143769 24632 139931 0 36149 23609 52513 115334 29864 13001 75300
42800 38263 32325 40059 38284 52604 46488 44208 49272 46196 42479 30050 49727 50737 43537 51032 49905 44935 34051 38383 47057 15206 46248 12015 70588 29020 57745 79331 49533 14441 17172 57998 55873 56300 69087 39935 74571 65120 53984 69514 70089 20287 27379 84780 96426 66979 66565 41706 12514 96425 34734 78060 37603 56698 35088 32692 41665 45442 41550 38140 30615 52336 41692 41982 83388 75595 64278 54390 20752 29666 64154 114004 14357 104278 36149 0 12578 21479 80652 17036 38317 42800
53200 50156 43699 48436 43869 62719 57292 54834 56922 55812 54607 41249 58414 58862 53829 60410 59935 56367 45696 46031 52671 27732 58785 24097 83166 41592 69569 90148 48917 22211 29656 69798 63308 68878 79396 45732 83847 76859 66559 73923 79847 28787 32031 96876 105350 68084 78886 40858 15409 106990 45217 90002 49359 67459 46540 40155 53938 56434 52933 47850 41817 63325 50107 47685 95581 83986 65069 63625 23287 42177 59265 123496 7793 116492 23609 12578 0 30610 92804 15022 26474 53200
22800 23109 15526 18582 19000 32134 27193 24594 27890 25215 28274 12910 28288 29262 23355 29887 29340 27362 18179 17139 27091 19424 39823 22147 60411 23067 41148 59791 37937 8506 15250 41295 34515 46903 48826 20236 53411 48018 44350 49918 49255 2326 12437 68846 75131 51264 61315 31851 16549 76464 41765 61527 21828 37187 18267 11811 28603 26596 23980 17240 13396 33340 20212 56966 67985 54141 49150 62209 40711 26952 58093 93008 35248 88731 52513 21479 30610 0 76072 38485 49855 22800
66000 55685 62546 77305 87995 67691 62536 64220 82291 70903 50994 64628 76811 80150 66643 72754 68210 57447 59854 80344 90676 65673 36274 68741 23744 53883 50051 66374 111739 80859 65543 50371 85307 31012 68666 87719 79808 50856 33385 106794 74051 78115 87927 47315 94096 118483 14757 107093 87635 77446 50472 48806 57261 62373 60796 80555 49500 61182 58903 70692 64363 60320 77251 65756 44376 87130 117688 44083 79367 51554 133567 100315 90742 54011 115334 80652 92804 76072 0 86704 118969 66000
59100 52896 47943 57066 55012 68986 62427 60327 66308 62875 56428 45925 66661 67747 59898 67772 66358 60197 49249 55418 63843 27092 55868 22211 80835 40980 72128 94966 63317 31335 31076 72427 72910 66828 85225 56726 91250 79576 64805 86046 86566 37323 43683 98167 113183 81974 73809 55262 27303 112220 36612 91930 52518 72560 50534 49710 55165 61218 56942 54848 46473 68024 58691 33908 96476 92526 79072 52394 9298 39809 74270 130492 7500 117125 29864 17036 15022 38485 86704 0 37663 59100
72000 72389 65089 63864 55081 80339 76688 73991 70090 72868 77331 62463 73442 72759 72368 76655 77545 77218 67544 60475 62523 53386 84182 50267 107872 66480 90993 108335 47295 41915 54323 91146 75465 93669 96683 56984 98598 97860 91238 79081 95851 47567 44561 118692 118531 67033 104834 40841 33744 124131 71629 111381 71285 86273 67923 55187 77141 76283 73829 65751 62994 82839 65416 71492 117776 96783 63720 89470 46961 67772 46310 137584 30868 138570 13001 38317 26474 49855 118969 37663 0 72000
0 12700 12000 11800 23500 9900 4900 2200 16800 5900 15700 13400 12300 15400 1000 10300 7400 8600 12200 15400 24700 34000 33500 38600 45600 26000 20800 37000 47500 31300 29100 20800 21500 35000 26300 22700 32500 26600 32700 42700 27500 24900 28700 47700 54500 52500 52000 44700 39300 53800 49000 40100 11500 14400 10400 18200 17800 5300 7500 6500 12900 10900 11400 69100 47300 35200 51700 66700 59100 30700 70300 71400 57100 67500 75300 42800 53200 22800 66000 59100 72000 0
