TRIPS: 6
VEHICLES: 17
NRSTATIONS: 56
NRCOMPARTMENTS: 3
CAPACITY: 8000
NRPRODUCTS: 2
VEHICLE SECTION <compartment number> <capacity> <vehicle_id>
2 12 0
2 12 1
2 12 2
2 12 3
2 12 4
2 12 5
2 12 6
2 12 7
2 12 8
2 12 9
2 12 10
2 12 11
1 15 12
1 15 13
1 15 14
1 15 15
1 15 16
DEMANDS SECTION <customer_id> <demand_p1> <demand_p2> ... <demand_NRPRODUCTS>
0 0 0
1 42000 8000
2 23000 12000
3 0 0
4 21000 0
5 22000 0
6 15000 0
7 12000 12000
8 10000 0
9 0 0
10 10000 0
11 13000 0
12 12000 6000
13 10000 9000
14 21000 7000
15 37000 17000
16 24000 0
17 19000 9000
18 8000 0
19 24000 21000
20 12000 12000
21 19000 21000
22 16000 0
23 11000 10000
24 20000 12000
25 16000 15000
26 32000 12000
27 24000 18000
28 32000 26000
29 15000 0
30 12000 0
31 20000 16000
32 15000 0
33 12000 8000
34 0 0
35 10000 0
36 12000 0
37 12000 10000
38 30000 38000
39 32000 29000
40 8000 12000
41 24000 7000
42 13000 0
43 19000 12000
44 12000 12000
45 13000 0
46 0 0
47 0 0
48 10000 0
49 12000 12000
50 23000 0
51 9000 9000
52 12000 0
53 12000 0
54 24000 0
55 22000 8000
56 16000 0
57 0 0
DISTANCE SECTION (full distance matrix 0=depot 1 2 ... NRSTATION)
0 24 22 22 15 13 23 20 21 21 9 11 11 17 19 7 27 23 15 23 31 16 28 9 31 18 17 21 22 28 7 16 15 20 22 16 8 13 22 23 13 23 14 21 18 8 24 32 26 13 10 18 38 9 3 11 24 0
25 0 39 43 14 36 8 13 4 25 26 34 17 19 42 18 15 39 11 16 23 39 45 17 17 41 39 43 45 8 30 39 12 43 41 14 31 36 45 46 12 39 11 6 41 26 22 55 43 36 31 9 18 23 25 18 41 25
22 38 0 27 34 18 36 37 36 40 14 18 27 36 16 28 43 2 30 39 47 14 9 29 47 21 10 9 18 44 17 21 32 15 37 28 16 19 22 19 31 3 30 35 14 26 43 31 6 19 14 34 54 28 21 31 4 22
22 42 28 0 33 11 42 38 39 32 25 11 30 34 14 25 45 29 33 41 49 14 34 27 49 9 17 22 16 46 16 8 33 16 12 35 16 9 6 16 31 27 33 39 14 17 40 16 33 10 17 36 56 20 19 27 31 22
15 14 34 33 0 26 19 5 11 12 20 24 10 6 33 9 12 34 7 8 16 30 40 6 15 32 31 34 36 13 21 29 7 34 31 14 22 27 35 37 5 34 6 11 31 17 11 45 38 27 23 9 24 13 16 7 36 15
12 34 18 12 25 0 34 30 31 28 14 2 21 27 8 17 37 19 25 33 41 5 24 19 41 8 7 12 12 38 6 7 25 9 21 26 6 4 12 13 23 17 25 31 6 15 34 22 23 4 7 28 48 17 9 21 21 12
23 8 37 42 19 35 0 20 9 30 24 33 17 24 42 21 21 37 13 22 29 38 43 20 24 40 37 41 44 15 30 38 15 42 40 10 30 36 44 46 15 37 13 9 39 26 29 54 41 36 29 12 25 25 25 21 39 23
20 13 37 38 5 31 20 0 12 15 24 29 13 10 37 13 7 37 10 3 12 34 42 11 11 36 35 39 40 11 25 34 10 38 36 17 26 31 40 41 10 37 9 12 36 21 10 50 41 32 27 10 20 18 21 12 39 20
21 3 37 39 12 32 10 12 0 23 24 30 14 16 39 15 13 37 8 14 21 36 43 14 17 38 37 41 42 8 27 36 8 40 37 12 28 33 41 43 9 37 8 4 37 23 21 51 41 33 29 6 17 20 22 15 39 21
21 25 40 32 12 28 30 14 22 0 29 26 19 10 35 17 21 41 18 16 21 32 47 15 23 34 33 37 38 25 23 32 18 36 28 25 24 29 37 39 17 42 18 22 33 15 9 46 45 29 26 20 32 14 21 13 43 21
9 25 15 25 20 15 24 24 23 29 0 14 14 22 19 13 30 15 17 26 34 16 21 15 34 19 13 18 23 31 11 18 19 20 31 15 11 16 24 24 18 15 17 22 17 17 29 34 19 16 8 20 41 16 10 17 17 9
11 33 19 11 25 3 33 30 31 28 14 0 21 27 9 16 37 20 25 33 41 7 25 19 40 8 8 13 12 38 5 6 25 11 18 26 5 3 12 14 23 18 24 30 8 14 34 22 24 4 7 27 48 16 9 20 21 11
10 17 27 28 8 21 17 13 14 18 13 19 0 11 28 4 20 27 8 16 24 25 33 4 24 26 26 29 31 21 16 24 8 29 26 10 17 22 30 32 6 27 7 14 26 12 18 40 31 22 17 11 31 8 11 6 29 10
14 18 33 31 5 25 21 10 15 10 19 23 10 0 31 7 17 33 9 13 21 28 39 5 20 30 29 33 34 18 19 28 9 33 28 16 20 25 34 35 8 33 9 15 30 14 11 44 37 26 22 12 29 11 15 5 35 14
19 41 16 14 32 7 40 37 38 35 19 9 28 34 0 24 44 16 32 40 48 4 21 26 48 7 7 8 4 45 13 8 32 2 24 32 12 7 9 6 30 14 31 38 3 21 41 16 20 7 12 35 55 24 16 28 18 19
7 18 28 25 9 18 21 14 15 17 14 16 6 10 24 0 20 28 9 17 25 21 33 3 24 23 22 26 27 22 12 21 9 25 23 13 13 18 27 28 7 28 8 15 23 8 18 37 32 18 15 12 32 5 8 5 30 7
26 14 43 44 12 37 21 7 13 20 30 35 20 16 44 20 0 44 17 8 8 41 49 17 4 43 42 46 47 9 32 41 16 45 42 23 33 38 46 48 17 44 16 15 43 28 12 57 47 38 34 15 14 25 27 19 45 26
23 38 2 29 35 20 37 37 37 41 15 20 27 37 17 28 44 0 30 40 48 16 7 30 47 22 12 9 18 44 19 22 32 15 38 28 18 21 24 19 31 4 30 35 16 28 44 31 4 21 15 34 54 30 21 32 2 23
15 10 30 33 7 26 13 11 8 18 17 24 7 12 33 9 17 31 0 14 22 30 36 7 20 31 31 34 35 15 21 29 3 34 31 7 21 27 35 37 3 31 714 7 31 17 18 45 34 27 23 5 25 13 16 9 32 15
31 22 48 49 16 42 29 11 20 21 35 40 24 21 48 24 8 48 21 0 8 45 53 22 10 47 46 50 51 15 36 45 21 49 47 28 37 42 51 52 21 48 20 22 47 32 12 61 52 42 38 20 19 29 32 23 50 31
23 15 40 41 8 34 22 3 14 16 27 32 16 13 40 16 8 40 13 4 0 37 45 14 12 39 38 42 43 13 28 37 13 41 39 20 29 34 43 44 13 40 12 14 39 24 11 53 44 35 30 12 21 21 24 15 42 23
16 38 15 15 30 6 37 34 35 32 15 7 25 31 5 21 41 16 29 37 45 0 21 23 45 8 4 9 9 42 10 8 30 6 25 29 9 7 11 10 27 14 29 35 3 19 38 21 20 8 8 32 52 21 13 25 17 16
28 43 8 34 40 25 42 42 42 46 20 25 32 42 21 33 49 7 35 45 53 21 0 35 53 27 17 14 23 49 24 27 38 20 43 33 23 26 29 23 36 9 36 40 21 33 49 36 6 26 21 39 59 35 27 37 8 28
9 16 29 27 6 20 19 11 13 15 15 18 5 8 27 2 18 29 7 14 23 24 35 0 22 25 25 28 29 20 15 23 8 28 25 13 15 21 29 31 5 29 7 13 25 11 15 39 33 21 18 10 30 7 10 3 31 9
29 15 46 47 14 40 23 9 15 21 33 38 22 19 46 22 2 46 19 10 8 43 51 20 0 45 44 48 49 8 34 43 19 47 45 25 35 40 49 50 19 46 18 18 45 30 12 59 50 40 36 17 12 27 30 21 48 29
17 40 22 8 31 6 39 36 37 34 19 8 27 33 8 23 43 23 31 39 47 8 28 25 46 0 11 16 10 44 11 2 31 10 18 32 11 5 5 11 29 21 30 37 8 20 40 15 27 5 12 34 54 22 15 27 25 17
16 38 11 17 30 8 36 35 35 32 13 8 25 31 7 21 41 12 29 37 45 4 17 23 45 10 0 5 10 43 10 10 30 7 26 28 9 9 13 11 27 9 29 35 5 19 38 22 16 9 8 32 52 21 13 25 13 16
21 41 8 23 35 14 40 40 40 38 18 15 30 37 11 26 47 8 33 43 51 10 13 29 50 16 7 0 12 47 15 17 35 9 33 31 14 15 18 13 33 6 33 38 10 24 44 24 12 16 14 37 57 26 19 30 10 21
23 45 19 16 37 12 45 42 42 40 24 14 33 39 5 28 49 19 37 45 53 9 23 31 52 8 12 12 0 50 17 9 37 5 26 37 17 11 10 3 35 16 36 42 8 26 46 15 22 11 16 39 60 28 21 32 20 23
29 9 45 47 14 40 16 12 9 25 32 38 22 19 47 23 8 45 16 14 15 44 51 20 9 46 45 49 50 0 35 44 16 48 45 20 36 41 49 51 17 45 16 13 45 31 18 60 49 41 37 14 11 28 30 21 47 29
7 29 18 16 21 7 29 26 26 23 11 5 17 22 13 12 32 19 20 28 36 10 25 14 36 12 11 15 16 34 0 10 21 14 22 22 2 7 16 17 18 20 20 26 12 10 30 26 23 7 4 23 43 12 5 16 20 7
16 38 21 8 30 5 38 35 35 32 18 6 26 32 7 21 42 22 30 37 46 7 27 24 45 3 10 15 10 43 10 0 30 9 18 31 10 3 6 11 28 20 29 35 7 19 39 16 26 4 11 32 53 21 14 25 24 16
17 9 33 35 8 28 13 9 6 19 20 26 10 13 34 10 15 33 3 13 21 31 38 9 19 33 32 36 37 13 22 31 0 35 33 10 23 28 37 38 4 33 3 6 33 18 18 47 37 28 24 3 23 15 18 10 35 17
20 42 15 16 33 9 42 38 39 36 20 11 29 35 3 25 45 15 33 41 49 5 20 27 49 9 8 8 4 46 14 9 33 0 26 33 13 8 10 5 31 13 33 39 4 23 42 16 19 9 13 36 56 25 17 29 17 20
23 40 37 12 32 20 40 37 37 27 31 19 28 30 24 23 43 38 31 39 46 23 43 25 47 20 26 31 26 45 22 19 32 26 0 33 22 19 17 27 29 36 31 37 24 15 35 22 42 19 25 34 54 19 23 25 40 23
16 12 28 35 14 27 10 18 12 25 15 25 10 19 33 13 23 28 7 21 29 29 34 13 26 32 28 31 36 19 22 31 10 33 33 0 23 28 36 37 9 28 8 10 31 19 25 47 32 28 21 10 29 18 18 15 30 16
7 29 17 15 21 6 29 26 26 24 10 4 17 23 13 12 33 18 21 29 37 9 24 15 36 12 10 14 16 34 975 10 21 13 22 22 0 7 15 17 19 19 20 26 11 10 30 25 22 7 3 23 44 12 5 16 20 7
14 36 19 9 27 3 35 32 33 30 16 3 23 29 7 19 39 21 27 35 43 5 26 21 43 5 9 14 9 40 8 3 27 8 18 28 7 0 9 11 25 18 26 33 6 16 36 19 24 1 9 30 50 19 11 23 22 14
21 43 23 7 35 10 43 40 41 36 23 12 31 37 9 26 47 24 35 43 51 9 29 29 50 5 13 17 11 48 15 6 35 10 17 36 15 9 0 11 33 22 34 41 9 21 44 11 28 9 16 38 58 25 19 31 26 21
25 47 20 17 38 14 47 43 44 41 25 15 34 40 7 30 50 20 38 46 54 10 25 32 54 9 13 13 3 51 19 10 38 6 27 38 18 12 11 0 36 18 38 44 10 28 47 15 23 12 18 41 61 30 22 34 22 25
13 11 29 32 5 24 15 10 8 17 16 23 6 11 31 7 17 29 3 13 21 28 35 6 21 30 29 32 34 16 19 28 3 32 30 9 20 25 33 35 0 29 2 8 30 15 17 44 33 25 21 5 25 12 14 7 31 13
22 37 2 27 34 18 36 36 36 41 15 18 27 36 14 27 43 2 29 39 47 14 8 29 47 20 10 7 16 44 18 20 32 13 36 28 17 19 22 17 30 0 30 35 14 27 43 28 6 19 15 33 53 29 21 31 4 22
15 10 30 33 6 26 13 10 8 18 17 24 7 12 32 8 16 31 747 13 22 29 36 7 20 31 31 34 35 15 20 29 2 34 31 8 21 26 35 37 2 31 0 7 31 17 17 45 34 27 22 5 25 13 16 8 32 15
19 6 33 37 11 30 9 11 5 22 20 28 11 16 36 12 16 33 5 15 23 33 39 11 19 35 33 36 39 12 24 33 7 38 35 9 25 30 39 40 6 33 5 0 35 21 21 49 37 31 25 3 22 17 20 12 35 19
17 39 15 13 31 6 39 36 37 34 18 8 27 33 2 22 43 16 31 39 47 3 22 25 46 6 5 9 5 44 11 6 31 3 23 31 11 5 8 7 29 14 30 37 0 20 40 17 20 6 10 34 54 22 15 27 18 17
8 26 27 17 17 15 26 22 23 15 17 13 13 18 22 8 29 28 17 25 33 18 34 11 32 20 20 24 25 30 10 18 17 23 15 19 11 15 22 26 15 29 16 23 20 0 23 31 32 16 13 20 40 4 8 10 29 8
24 22 43 40 12 35 29 10 20 9 29 33 20 11 42 18 12 44 18 12 12 39 49 15 13 40 40 43 45 19 30 38 17 43 35 25 31 36 44 46 17 44 17 21 40 24 0 54 47 36 32 19 23 20 25 15 45 24
31 53 29 14 45 20 53 50 50 46 33 21 40 46 15 36 56 29 44 52 60 18 34 38 60 14 21 22 14 57 25 16 45 15 21 46 25 18 9 15 42 27 44 50 17 30 53 0 33 18 25 47 67 34 28 40 31 31
26 42 6 32 39 23 41 41 41 45 19 24 31 41 20 32 48 4 34 44 52 20 6 33 51 26 15 13 22 48 22 26 36 19 42 32 21 24 28 22 35 7 34 39 20 32 48 34 0 25 19 38 58 34 25 36 5 26
13 36 18 10 27 2 35 32 33 30 15 4 23 29 6 18 39 19 27 35 43 4 25 21 42 6 8 12 9 40 7 4 27 7 19 28 7 1 10 10 25 17 26 33 5 16 36 20 23 0 8 30 50 18 11 23 21 13
10 30 14 17 23 7 29 28 28 26 8 7 17 25 12 15 34 15 22 30 38 9 22 17 38 12 9 13 15 36 4 11 23 13 25 21 3 9 16 17 21 17 22 28 10 13 32 27 20 9 0 25 46 15 8 19 17 10
19 6 35 37 10 30 11 10 3 21 22 28 12 14 36 12 14 35 5 13 21 33 40 11 18 35 34 38 39 11 24 33 6 38 35 12 25 30 39 40 6 35 5 3 35 21 20 49 39 31 26 0 20 17 20 12 37 19
39 18 55 57 25 50 26 21 18 34 42 48 32 30 57 32 15 55 26 23 21 54 60 31 14 55 55 58 59 13 45 53 26 58 55 30 45 51 59 61 26 55 26 22 55 41 24 69 59 51 47 24 0 37 40 32 57 39
8 22 29 21 13 17 25 18 19 15 16 15 10 14 24 5 25 30 13 21 29 21 36 7 29 23 22 26 27 27 12 21 14 25 19 18 13 18 26 28 11 30 13 19 22 4 21 35 34 18 15 16 36 0 9 7 32 8
3 25 21 19 16 10 25 21 22 20 10 8 13 18 17 8 28 21 16 24 32 14 27 10 31 16 15 18 20 29 5 13 16 18 22 18 6 11 19 21 14 21 15 22 15 7 25 29 25 11 8 19 39 9 0 12 23 3
11 17 31 27 7 22 20 12 14 13 17 20 7 7 28 4 19 31 8 15 23 25 36 2 22 27 26 30 31 20 16 25 8 29 25 15 17 22 31 32 6 31 7 14 27 11 14 41 35 22 19 11 31 7 12 0 33 11
24 40 4 31 37 22 39 39 39 43 17 22 29 39 19 30 46 2 32 42 50 18 8 31 49 24 14 11 20 46 20 24 34 17 40 30 20 23 26 21 33 6 32 37 18 30 46 33 5 23 17 36 56 32 23 34 0 24
0 24 22 22 15 13 23 20 21 21 9 11 11 17 19 7 27 23 15 23 31 16 28 9 31 18 17 21 22 28 7 16 15 20 22 16 8 13 22 23 13 23 14 21 18 8 24 32 26 13 10 18 38 9 3 11 24 0