TRIPS: 52
VEHICLES: 1
NRSTATIONS: 34
NRCOMPARTMENTS: 3
CAPACITY: 8000
NRPRODUCTS: 2
DEMANDS SECTION <customer_id> <demand_p1> <demand_p2> ... <demand_NRPRODUCTS>
0 0 0
1 14500 26000
2 0 37000
3 0 29500
4 0 15000
5 0 21500
6 14000 15000
7 0 14100
8 0 22000
9 0 11000
10 0 14000
11 0 17500
12 14100 26000
13 0 23500
14 21000 0
15 17500 12000
16 0 13000
17 0 22000
18 0 15000
19 11000 28800
20 21000 18000
21 0 17500
22 12000 17500
23 26000 19500
24 9000 13000
25 12000 18500
26 0 9000
27 15000 0
28 0 6000
29 11000 32200
30 0 21000
31 0 14000
32 0 16000
33 35000 0
34 21000 28600
35 0 0
DISTANCE SECTION (full distance matrix, 0=depot, 1, 2, ..., NRSTATION)
0 12700 12000 11800 23500 9900 4900 2200 16800 5900 15700 13400 12300 15400 1000 10300 7400 8600 12200 15400 24700 34000 33500 38600 45600 26000 20800 37000 47500 31300 29100 20800 21500 35000 26300 0
12700 0 7635 22172 32324 20346 12443 12042 29199 18595 5213 10210 24998 28054 13654 22655 18782 7941 4929 24844 35824 26023 21287 30943 37715 14632 19482 42423 56094 30490 21828 19739 34193 25030 33979 12700
12000 7635 0 17370 25980 21684 14542 12701 25928 17249 12844 2632 23025 25570 12955 22087 19361 12671 2778 19213 30747 22111 27079 26817 45285 14893 26074 47093 49256 23184 17304 26267 31802 32293 37371 12000
11800 22172 17370 0 11824 16956 16360 13914 9604 9524 26389 16847 10001 10681 11468 12791 14328 20283 19280 3833 13656 35489 43432 39298 57359 32061 32318 44643 35714 26373 30552 32274 16184 46311 32846 11800
23500 32324 25980 11824 0 28222 28165 25659 15084 21090 37051 24458 19261 17924 23248 23310 25788 31779 28467 8100 8857 38383 53039 41090 68802 39138 44139 55047 24084 23860 33980 44098 20469 57167 43030 23500
9900 20346 21684 16956 28222 0 7903 9009 16082 7514 21304 23267 10209 13281 9088 5591 2817 13111 21388 20724 26179 43786 38785 48439 45452 34744 18348 28008 50945 40620 38927 18143 17681 37465 16695 9900
4900 12443 14542 16360 28165 7903 0 2738 19755 8376 13785 16515 14410 17738 4935 10949 6591 5605 13806 20078 28602 36557 31596 41323 41465 26887 15992 32888 52045 35643 31823 15971 23373 31694 22830 4900
2200 12042 12701 13914 25659 9009 2738 0 18256 6946 14399 14427 13333 16571 2482 10615 6918 6780 12416 17559 26581 34812 32294 39503 43579 25983 18601 35313 49628 33070 29987 18600 22504 33257 24913 2200
16800 29199 25928 9604 15084 16082 19755 18256 0 11403 32499 25880 5878 3118 15985 10493 14563 25002 27359 10951 10323 45076 50273 48902 60890 40820 34181 40597 35387 35236 40125 34018 6629 51424 28559 16800
5900 18595 17249 9524 21090 7514 8376 6946 11403 0 21334 18160 6431 9628 4941 4974 4810 13621 17861 13339 20388 38745 39218 43158 49748 31701 23574 35467 44440 33619 33766 23472 15633 40020 23932 5900
15700 5213 12844 26389 37051 21304 13785 14399 32499 21334 0 15400 27732 30962 16525 24692 20371 8228 10112 29350 39930 29345 17901 34256 32526 16367 15749 40015 60972 35491 25603 16072 36890 20118 32773 15700
13400 10210 2632 16847 24458 23267 16515 14427 25880 18160 15400 0 23540 25840 14290 23103 20794 15139 5287 18201 29837 20648 28872 25203 47755 15253 28657 49285 47343 20565 15714 28842 32011 34603 39300 13400
12300 24998 23025 10001 19261 10209 14410 13333 5878 6431 27732 23540 0 3340 11361 4629 8758 19878 23959 12996 16031 43741 45628 47922 55156 37755 28335 35786 40974 36296 38738 28165 9204 46074 23771 12300
15400 28054 25570 10681 17924 13281 17738 16571 3118 9628 30962 25840 3340 0 14496 7712 12047 23177 26714 12871 13418 45646 48841 49664 58447 40415 31545 37506 38490 36943 40656 31362 6243 49412 25463 15400
1000 13654 12955 11468 23248 9088 4935 2482 15985 4941 16525 14290 11361 14496 0 9300 6510 9197 13196 15154 24115 34914 34364 39493 46062 26999 20927 36440 47180 31861 30001 20907 20565 35660 25605 1000
10300 22655 22087 12791 23310 5591 10949 10615 10493 4974 24692 23103 4629 7712 9300 0 4570 16554 22493 16318 20647 43710 42542 48133 50813 36299 23839 31941 45529 38199 38734 23652 12600 42217 20068 10300
7400 18782 19361 14328 25788 2817 6591 6918 14563 4810 20371 20794 8758 12047 6510 4570 0 12163 19303 18132 24345 41398 38141 45997 46402 32898 19626 30815 48849 37821 36499 19473 17170 37646 19501 7400
8600 7941 12671 20283 31779 13111 5605 6780 25002 13621 8228 15139 19878 23177 9197 16554 12163 0 10960 23728 33292 33614 25992 38501 37080 22548 13818 34807 55856 35500 29172 13946 28929 26477 26042 8600
12200 4929 2778 19280 28467 21388 13806 12416 27359 17861 10112 5287 23959 26714 13196 22493 19303 10960 0 21437 32834 22859 24580 27694 42513 13840 23889 45724 51907 25629 18276 24109 32955 29528 36454 12200
15400 24844 19213 3833 8100 20724 20078 17559 10951 13339 29350 18201 12996 12871 15154 16318 18132 23728 21437 0 11642 35278 45927 38747 60790 33408 36063 48252 32134 24286 30469 36029 17504 49411 36378 15400
24700 35824 30747 13656 8857 26179 28602 26581 10323 20388 39930 29837 16031 13418 24115 20647 24345 33292 32834 11642 0 46158 57088 49221 70067 45051 43882 50627 25075 32617 41517 43755 13439 59664 38637 24700
34000 26023 22111 35489 38383 43786 36557 34812 45076 38745 29345 20648 43741 45646 34914 43710 41398 33614 22859 35278 46158 0 31053 4926 55543 14233 45068 68394 55957 18410 5002 45375 51574 41267 59307 34000
33500 21287 27079 43432 53039 38785 31596 32294 50273 39218 17901 28872 45628 48841 34364 42542 38141 25992 24580 45927 57088 31053 0 35001 24967 17886 26927 51639 76214 44712 29936 27358 54792 11211 47404 33500
38600 30943 26817 39298 41090 48439 41323 39503 48902 43158 34256 25203 47922 49664 39493 48133 45997 38501 27694 38747 49221 4926 35001 0 59750 18874 49986 73294 57005 19214 9516 50295 55468 45521 64112 38600
45600 37715 45285 57359 68802 45452 41465 43579 60890 49748 32526 47755 55156 58447 46062 50813 46402 37080 42513 60790 70067 55543 24967 59750 0 41596 27223 42940 92886 66863 53691 27488 63115 14288 44959 45600
26000 14632 14893 32061 39138 34744 26887 25983 40820 31701 16367 15253 37755 40415 26999 36299 32898 22548 13840 33408 45051 14233 17886 18874 41596 0 31965 56353 60738 26982 12157 32313 46656 27314 48520 26000
20800 19482 26074 32318 44139 18348 15992 18601 34181 23574 15749 28657 28335 31545 20927 23839 19626 13818 23889 36063 43882 45068 26927 49986 27223 31965 0 25158 67914 49185 41169 431 35938 21489 20796 20800
37000 42423 47093 44643 55047 28008 32888 35313 40597 35467 40015 49285 35786 37506 36440 31941 30815 34807 45724 48252 50627 68394 51639 73294 42940 56353 25158 0 75493 68295 63978 24747 37935 44049 12046 37000
47500 56094 49256 35714 24084 50945 52045 49628 35387 44440 60972 47343 40974 38490 47180 45529 48849 55856 51907 32134 25075 55957 76214 57005 92886 60738 67914 75493 0 37809 52671 67842 37648 81080 63581 47500
31300 30490 23184 26373 23860 40620 35643 33070 35236 33619 35491 20565 36296 36943 31861 38199 37821 35500 25629 24286 32617 18410 44712 19214 66863 26982 49185 68295 37809 0 16067 49356 41775 52949 57316 31300
29100 21828 17304 30552 33980 38927 31823 29987 40125 33766 25603 15714 38738 40656 30001 38734 36499 29172 18276 30469 41517 5002 29936 9516 53691 12157 41169 63978 52671 16067 0 41453 46604 39427 54629 29100
20800 19739 26267 32274 44098 18143 15971 18600 34018 23472 16072 28842 28165 31362 20907 23652 19473 13946 24109 36029 43755 45375 27358 50295 27488 32313 431 24747 67842 49356 41453 0 35705 21892 20372 20800
21500 34193 31802 16184 20469 17681 23373 22504 6629 15633 36890 32011 9204 6243 20565 12600 17170 28929 32955 17504 13439 51574 54792 55468 63115 46656 35938 37935 37648 41775 46604 35705 0 54817 26189 21500
35000 25030 32293 46311 57167 37465 31694 33257 51424 40020 20118 34603 46074 49412 35660 42217 37646 26477 29528 49411 59664 41267 11211 45521 14288 27314 21489 44049 81080 52949 39427 21892 54817 0 42120 35000
26300 33979 37371 32846 43030 16695 22830 24913 28559 23932 32773 39300 23771 25463 25605 20068 19501 26042 36454 36378 38637 59307 47404 64112 44959 48520 20796 12046 63581 57316 54629 20372 26189 42120 0 26300
0 12700 12000 11800 23500 9900 4900 2200 16800 5900 15700 13400 12300 15400 1000 10300 7400 8600 12200 15400 24700 34000 33500 38600 45600 26000 20800 37000 47500 31300 29100 20800 21500 35000 26300 0
