TRIPS: 22
VEHICLES: 3
NRSTATIONS: 42
NRCOMPARTMENTS: 3
CAPACITY: 8000
NRPRODUCTS: 2
DEMANDS SECTION <customer_id> <demand_p1> <demand_p2> ... <demand_NRPRODUCTS>
0 0 0
1 14500 26000
2 0 37000
3 0 29500
4 0 15000
5 0 21500
6 14000 15000
7 0 14100
8 0 22000
9 0 11000
10 0 14000
11 0 17500
12 14100 26000
13 0 23500
14 21000 0
15 17500 12000
16 0 13000
17 0 22000
18 0 15000
19 11000 28800
20 21000 18000
21 0 17500
22 12000 17500
23 26000 19500
24 9000 13000
25 12000 18500
26 0 9000
27 15000 0
28 0 6000
29 11000 32200
30 0 21000
31 0 14000
32 0 16000
33 35000 0
34 21000 28600
35 24500 17500
36 0 14000
37 17700 10500
38 0 10500
39 0 12000
40 0 15000
41 0 11000
42 15000 24500
43 0 0
DISTANCE SECTION (full distance matrix, 0=depot, 1, 2, ..., NRSTATION)
0 12700 12000 11800 23500 9900 4900 2200 16800 5900 15700 13400 12300 15400 1000 10300 7400 8600 12200 15400 24700 34000 33500 38600 45600 26000 20800 37000 47500 31300 29100 20800 21500 35000 26300 22700 32500 26600 32700 42700 27500 24900 28700 0
12700 0 7635 22172 32324 20346 12443 12042 29199 18595 5213 10210 24998 28054 13654 22655 18782 7941 4929 24844 35824 26023 21287 30943 37715 14632 19482 42423 56094 30490 21828 19739 34193 25030 33979 32130 42468 26874 22514 55241 36736 25427 33340 12700
12000 7635 0 17370 25980 21684 14542 12701 25928 17249 12844 2632 23025 25570 12955 22087 19361 12671 2778 19213 30747 22111 27079 26817 45285 14893 26074 47093 49256 23184 17304 26267 31802 32293 37371 26086 44394 33233 29747 51735 39178 17851 25828 12000
11800 22172 17370 0 11824 16956 16360 13914 9604 9524 26389 16847 10001 10681 11468 12791 14328 20283 19280 3833 13656 35489 43432 39298 57359 32061 32318 44643 35714 26373 30552 32274 16184 46311 32846 10908 35558 37493 43920 34513 32130 19919 19341 11800
23500 32324 25980 11824 0 28222 28165 25659 15084 21090 37051 24458 19261 17924 23248 23310 25788 31779 28467 8100 8857 38383 53039 41090 68802 39138 44139 55047 24084 23860 33980 44098 20469 57167 43030 1940 43605 49249 54701 31308 41346 18961 11870 23500
9900 20346 21684 16956 28222 0 7903 9009 16082 7514 21304 23267 10209 13281 9088 5591 2817 13111 21388 20724 26179 43786 38785 48439 45452 34744 18348 28008 50945 40620 38927 18143 17681 37465 16695 26861 22714 21691 35550 39105 17600 34094 36085 9900
4900 12443 14542 16360 28165 7903 0 2738 19755 8376 13785 16515 14410 17738 4935 10949 6591 5605 13806 20078 28602 36557 31596 41323 41465 26887 15992 32888 52045 35643 31823 15971 23373 31694 22830 27251 30300 21702 29537 44953 24814 29367 33588 4900
2200 12042 12701 13914 25659 9009 2738 0 18256 6946 14399 14427 13333 16571 2482 10615 6918 6780 12416 17559 26581 34812 32294 39503 43579 25983 18601 35313 49628 33070 29987 18600 22504 33257 24913 24823 31720 24433 31006 43922 26482 26742 30853 2200
16800 29199 25928 9604 15084 16082 19755 18256 0 11403 32499 25880 5878 3118 15985 10493 14563 25002 27359 10951 10323 45076 50273 48902 60890 40820 34181 40597 35387 35236 40125 34018 6629 51424 28559 13252 28530 37734 49220 26060 26401 28994 25986 16800
5900 18595 17249 9524 21090 7514 8376 6946 11403 0 21334 18160 6431 9628 4941 4974 4810 13621 17861 13339 20388 38745 39218 43158 49748 31701 23574 35467 44440 33619 33766 23472 15633 40020 23932 19887 28384 28198 37821 36980 24039 27048 28571 5900
15700 5213 12844 26389 37051 21304 13785 14399 32499 21334 0 15400 27732 30962 16525 24692 20371 8228 10112 29350 39930 29345 17901 34256 32526 16367 15749 40015 60972 35491 25603 16072 36890 20118 32773 36728 42186 23188 17650 58313 36193 30585 38528 15700
13400 10210 2632 16847 24458 23267 16515 14427 25880 18160 15400 0 23540 25840 14290 23103 20794 15139 5287 18201 29837 20648 28872 25203 47755 15253 28657 49285 47343 20565 15714 28842 32011 34603 39300 24732 45897 35774 32050 51360 40853 15232 23486 13400
12300 24998 23025 10001 19261 10209 14410 13333 5878 6431 27732 23540 0 3340 11361 4629 8758 19878 23959 12996 16031 43741 45628 47922 55156 37755 28335 35786 40974 36296 38738 28165 9204 46074 23771 17645 25571 31881 43942 30608 22410 29784 28902 12300
15400 28054 25570 10681 17924 13281 17738 16571 3118 9628 30962 25840 3340 0 14496 7712 12047 23177 26714 12871 13418 45646 48841 49664 58447 40415 31545 37506 38490 36943 40656 31362 6243 49412 25463 16148 25851 34828 47274 27351 23436 30554 28434 15400
1000 13654 12955 11468 23248 9088 4935 2482 15985 4941 16525 14290 11361 14496 0 9300 6510 9197 13196 15154 24115 34914 34364 39493 46062 26999 20927 36440 47180 31861 30001 20907 20565 35660 25605 22375 31610 26523 33385 41822 26675 25418 28855 1000
10300 22655 22087 12791 23310 5591 10949 10615 10493 4974 24692 23103 4629 7712 9300 0 4570 16554 22493 16318 20647 43710 42542 48133 50813 36299 23839 31941 45529 38199 38734 23652 12600 42217 20068 21815 23549 27252 40175 34205 19518 31623 32127 10300
7400 18782 19361 14328 25788 2817 6591 6918 14563 4810 20371 20794 8758 12047 6510 4570 0 12163 19303 18132 24345 41398 38141 45997 46402 32898 19626 30815 48849 37821 36499 19473 17170 37646 19501 24507 25103 23681 35606 38775 20210 31287 33343 7400
8600 7941 12671 20283 31779 13111 5605 6780 25002 13621 8228 15139 19878 23177 9197 16554 12163 0 10960 23728 33292 33614 25992 38501 37080 22548 13818 34807 55856 35500 29172 13946 28929 26477 26042 31116 34651 20697 24230 50475 28845 29657 35558 8600
12200 4929 2778 19280 28467 21388 13806 12416 27359 17861 10112 5287 23959 26714 13196 22493 19303 10960 0 21437 32834 22859 24580 27694 42513 13840 23889 45724 51907 25629 18276 24109 32955 29528 36454 28478 44046 31164 26984 53341 38620 20497 28606 12200
15400 24844 19213 3833 8100 20724 20078 17559 10951 13339 29350 18201 12996 12871 15154 16318 18132 23728 21437 0 11642 35278 45927 38747 60790 33408 36063 48252 32134 24286 30469 36029 17504 49411 36378 7420 38474 41317 46979 33781 35384 18096 15917 15400
24700 35824 30747 13656 8857 26179 28602 26581 10323 20388 39930 29837 16031 13418 24115 20647 24345 33292 32834 11642 0 46158 57088 49221 70067 45051 43882 50627 25075 32617 41517 43755 13439 59664 38637 7122 37275 47870 57325 22827 36018 27378 20640 24700
34000 26023 22111 35489 38383 43786 36557 34812 45076 38745 29345 20648 43741 45646 34914 43710 41398 33614 22859 35278 46158 0 31053 4926 55543 14233 45068 68394 55957 18410 5002 45375 51574 41267 59307 39520 66482 52516 39011 68897 61285 19951 30670 34000
33500 21287 27079 43432 53039 38785 31596 32294 50273 39218 17901 28872 45628 48841 34364 42542 38141 25992 24580 45927 57088 31053 0 35001 24967 17886 26927 51639 76214 44712 29936 27358 54792 11211 47404 53052 57900 32751 9694 76185 51717 41846 51818 33500
38600 30943 26817 39298 41090 48439 41323 39503 48902 43158 34256 25203 47922 49664 39493 48133 45997 38501 27694 38747 49221 4926 35001 0 59750 18874 49986 73294 57005 19214 9516 50295 55468 45521 64112 42379 71099 57433 43338 72043 65985 22204 32313 38600
45600 37715 45285 57359 68802 45452 41465 43579 60890 49748 32526 47755 55156 58447 46062 50813 46402 37080 42513 60790 70067 55543 24967 59750 0 41596 27223 42940 92886 66863 53691 27488 63115 14288 44959 68191 56077 27182 16648 84281 50365 62673 71053 45600
26000 14632 14893 32061 39138 34744 26887 25983 40820 31701 16367 15253 37755 40415 26999 36299 32898 22548 13840 33408 45051 14233 17886 18874 41596 0 31965 56353 60738 26982 12157 32313 46656 27314 48520 39637 57082 39335 24969 66548 51369 24837 35465 26000
20800 19482 26074 32318 44139 18348 15992 18601 34181 23574 15749 28657 28335 31545 20927 23839 19626 13818 23889 36063 43882 45068 26927 49986 27223 31965 0 25158 67914 49185 41169 431 35938 21489 20796 43168 31749 7448 20269 57062 25580 43452 49143 20800
37000 42423 47093 44643 55047 28008 32888 35313 40597 35467 40015 49285 35786 37506 36440 31941 30815 34807 45724 48252 50627 68394 51639 73294 42940 56353 25158 0 75493 68295 63978 24747 37935 44049 12046 53417 17692 18927 43648 53328 15246 61856 63957 37000
47500 56094 49256 35714 24084 50945 52045 49628 35387 44440 60972 47343 40974 38490 47180 45529 48849 55856 51907 32134 25075 55957 76214 57005 92886 60738 67914 75493 0 37809 52671 67842 37648 81080 63581 24805 60996 72530 78586 32989 60594 36596 25581 47500
31300 30490 23184 26373 23860 40620 35643 33070 35236 33619 35491 20565 36296 36943 31861 38199 37821 35500 25629 24286 32617 18410 44712 19214 66863 26982 49185 68295 37809 0 16067 49356 41775 52949 57316 25496 61653 56197 50431 55133 57645 6577 13440 31300
29100 21828 17304 30552 33980 38927 31823 29987 40125 33766 25603 15714 38738 40656 30001 38734 36499 29172 18276 30469 41517 5002 29936 9516 53691 12157 41169 63978 52671 16067 0 41453 46604 39427 54629 35016 61598 48607 37045 64178 56469 16156 27135 29100
20800 19739 26267 32274 44098 18143 15971 18600 34018 23472 16072 28842 28165 31362 20907 23652 19473 13946 24109 36029 43755 45375 27358 50295 27488 32313 431 24747 67842 49356 41453 0 35705 21892 20372 43110 31335 7153 20687 56793 25169 43596 49201 20800
21500 34193 31802 16184 20469 17681 23373 22504 6629 15633 36890 32011 9204 6243 20565 12600 17170 28929 32955 17504 13439 51574 54792 55468 63115 46656 35938 37935 37648 41775 46604 35705 0 54817 26189 18538 23839 38267 52767 21611 22945 35588 31953 21500
35000 25030 32293 46311 57167 37465 31694 33257 51424 40020 20118 34603 46074 49412 35660 42217 37646 26477 29528 49411 59664 41267 11211 45521 14288 27314 21489 44049 81080 52949 39427 21892 54817 0 42120 56811 53194 25366 2556 76418 47047 49110 58087 35000
26300 33979 37371 32846 43030 16695 22830 24913 28559 23932 32773 39300 23771 25463 25605 20068 19501 26042 36454 36378 38637 59307 47404 64112 44959 48520 20796 12046 63581 57316 54629 20372 26189 42120 0 41384 11213 17823 41041 43322 5460 50788 52187 26300
22700 32130 26086 10908 1940 26861 27251 24823 13252 19887 36728 24732 17645 16148 22375 21815 24507 31116 28478 7420 7122 39520 53052 42379 68191 39637 43168 53417 24805 25496 35016 43110 18538 56811 41384 0 41747 48085 54369 29801 39585 20366 13769 22700
32500 42468 44394 35558 43605 22714 30300 31720 28530 28384 42186 45897 25571 25851 31610 23549 25103 34651 44046 38474 37275 66482 57900 71099 56077 57082 31749 17692 60996 61653 61598 31335 23839 53194 11213 41747 0 29009 52016 35940 6197 55088 54256 32500
26600 26874 33233 37493 49249 21691 21702 24433 37734 28198 23188 35774 31881 34828 26523 27252 23681 20697 31164 41317 47870 52516 32751 57433 27182 39335 7448 18927 72530 56197 48607 7153 38267 25366 17823 48085 29009 0 24789 58425 23195 50296 55286 26600
32700 22514 29747 43920 54701 35550 29537 31006 49220 37821 17650 32050 43942 47274 33385 40175 35606 24230 26984 46979 57325 39011 9694 43338 16648 24969 20269 43648 78586 50431 37045 20687 52767 2556 41041 54369 52016 24789 0 74378 45839 46559 55535 32700
42700 55241 51735 34513 31308 39105 44953 43922 26060 36980 58313 51360 30608 27351 41822 34205 38775 50475 53341 33781 22827 68897 76185 72043 84281 66548 57062 53328 32989 55133 64178 56793 21611 76418 43322 29801 35940 58425 74378 0 38490 50163 42370 42700
27500 36736 39178 32130 41346 17600 24814 26482 26401 24039 36193 40853 22410 23436 26675 19518 20210 28845 38620 35384 36018 61285 51717 65985 50365 51369 25580 15246 60594 57645 56469 25169 22945 47047 5460 39585 6197 23195 45839 38490 0 51069 51301 27500
24900 25427 17851 19919 18961 34094 29367 26742 28994 27048 30585 15232 29784 30554 25418 31623 31287 29657 20497 18096 27378 19951 41846 22204 62673 24837 43452 61856 36596 6577 16156 43596 35588 49110 50788 20366 55088 50296 46559 50163 51069 0 11017 24900
28700 33340 25828 19341 11870 36085 33588 30853 25986 28571 38528 23486 28902 28434 28855 32127 33343 35558 28606 15917 20640 30670 51818 32313 71053 35465 49143 63957 25581 13440 27135 49201 31953 58087 52187 13769 54256 55286 55535 42370 51301 11017 0 28700
0 12700 12000 11800 23500 9900 4900 2200 16800 5900 15700 13400 12300 15400 1000 10300 7400 8600 12200 15400 24700 34000 33500 38600 45600 26000 20800 37000 47500 31300 29100 20800 21500 35000 26300 22700 32500 26600 32700 42700 27500 24900 28700 0
